fname,labels
0006ae4e.wav,Bark
0019ef41.wav,Raindrop
001ec0ad.wav,Finger_snapping
0026c7cb.wav,Run
0026f116.wav,Finger_snapping
003be5db.wav,Whispering
0041de6b.wav,"Acoustic_guitar,Strum"
004ca909.wav,Hi-hat
00713ec2.wav,Bass_drum
0073825a.wav,"Crowd,Cheering"
00975c2a.wav,Frying_(food)
009ca29f.wav,Chewing_and_mastication
00b0b76f.wav,Fart
00c17dd2.wav,Bass_guitar
00c40a6d.wav,Knock
00c4e82c.wav,Motorcycle
00c7ff40.wav,Stream
00c91dfc.wav,Chewing_and_mastication
00ffa0d2.wav,Hi-hat
0110ba24.wav,Male_singing
012c15b5.wav,Crackle
013b01b9.wav,Sigh
01565c33.wav,Burping_and_eructation
015a50b9.wav,Bark
0164cba5.wav,Female_singing
0175a379.wav,Tap
019234bc.wav,Female_speech_and_woman_speaking
0199c0a0.wav,Accelerating_and_revving_and_vroom
01a5de85.wav,"Cheering,Clapping"
02171503.wav,Accordion
0217540b.wav,Zipper_(clothing)
02286d70.wav,Bus
02356bfd.wav,Run
023935e1.wav,Meow
02430fbe.wav,Fart
024e0fbe.wav,Bass_drum
02633663.wav,Frying_(food)
027ab7f6.wav,Frying_(food)
028ddadb.wav,Bass_guitar
029adfea.wav,Hi-hat
029bd777.wav,"Frying_(food),Crackle"
029c1c70.wav,Tap
02a25949.wav,Whispering
02a5aae7.wav,Bass_drum
02abea37.wav,Waves_and_surf
02c55707.wav,Male_singing
02c86123.wav,Microwave_oven
02ddd8da.wav,Bus
02e3dbfe.wav,Child_speech_and_kid_speaking
02f54ef1.wav,Buzz
02fb5725.wav,Car_passing_by
030d5b55.wav,Finger_snapping
03106a7c.wav,Toilet_flush
0331a1bb.wav,Purr
035d21e0.wav,Church_bell
03730245.wav,Electric_guitar
037b9243.wav,Marimba_and_xylophone
03815f4c.wav,Accelerating_and_revving_and_vroom
038296b8.wav,Trickle_and_dribble
038af178.wav,Bus
03bafda9.wav,Sigh
03d241c1.wav,"Church_bell,Traffic_noise_and_roadway_noise"
03e47a59.wav,Harmonica
03e77f6b.wav,Male_speech_and_man_speaking
03ea2668.wav,Finger_snapping
03f48534.wav,Slam
03f91aaf.wav,Keys_jangling
040d2615.wav,Child_speech_and_kid_speaking
0413fb41.wav,Fart
0418490e.wav,Chewing_and_mastication
0430a0a5.wav,"Sink_(filling_or_washing),Water_tap_and_faucet"
0435216a.wav,Keys_jangling
04371c4d.wav,Fart
045cae2f.wav,Traffic_noise_and_roadway_noise
045f2252.wav,Bus
0468b055.wav,Car_passing_by
04763f39.wav,Squeak
047fd092.wav,Marimba_and_xylophone
04933b8f.wav,Church_bell
04b781ac.wav,Harmonica
04b8360a.wav,Cricket
04b8c8e3.wav,Cricket
04c06635.wav,"Fill_(with_liquid),Sink_(filling_or_washing)"
04c29af8.wav,Crackle
04d00566.wav,"Sink_(filling_or_washing),Water_tap_and_faucet"
04e02685.wav,Female_speech_and_woman_speaking
04e39f30.wav,Sigh
04eb6226.wav,Marimba_and_xylophone
051712da.wav,"Slam,Microwave_oven"
055a129d.wav,Skateboard
0566dc0a.wav,Trickle_and_dribble
0569539d.wav,Shatter
0576e3aa.wav,Female_speech_and_woman_speaking
058b172c.wav,Drawer_open_or_close
0595bce6.wav,Marimba_and_xylophone
0596c9ab.wav,Meow
059ed432.wav,Chewing_and_mastication
05a717e6.wav,Male_singing
05a73283.wav,Buzz
05be25ad.wav,Shatter
05da599c.wav,"Race_car_and_auto_racing,Accelerating_and_revving_and_vroom"
05e4ad19.wav,Cupboard_open_or_close
05f712bc.wav,Male_singing
062bb637.wav,Computer_keyboard
062c5de8.wav,Bass_guitar
06396c9c.wav,Electric_guitar
0645e281.wav,"Motorcycle,Traffic_noise_and_roadway_noise"
065b70db.wav,Waves_and_surf
065baacf.wav,Chewing_and_mastication
066d37c4.wav,Microwave_oven
067f2a39.wav,"Car_passing_by,Traffic_noise_and_roadway_noise"
06837b71.wav,Writing
068749d3.wav,Female_singing
069d8df9.wav,Finger_snapping
06a3972b.wav,Bus
06aa0e9b.wav,Sneeze
06bac16d.wav,Meow
06bf4f49.wav,Child_speech_and_kid_speaking
06cceadb.wav,"Raindrop,Drip"
06e33c49.wav,Crackle
06f30dec.wav,"Raindrop,Drip"
07019167.wav,Buzz
07132e5a.wav,Toilet_flush
07241537.wav,"Motorcycle,Accelerating_and_revving_and_vroom"
074a72f0.wav,Bicycle_bell
07504c4a.wav,Meow
0756d92d.wav,Microwave_oven
075ee9f7.wav,Buzz
07641674.wav,Harmonica
076f25a3.wav,Keys_jangling
0779b260.wav,Writing
07889e0f.wav,Cupboard_open_or_close
078987a1.wav,Marimba_and_xylophone
078ca620.wav,Motorcycle
07962422.wav,Slam
079bf888.wav,"Raindrop,Drip"
07aab99a.wav,Crackle
07ab12fe.wav,Chewing_and_mastication
07ad601e.wav,Harmonica
07ae7e64.wav,Buzz
07b01fb0.wav,"Applause,Crowd,Cheering"
07c9abde.wav,Tap
07cc5d69.wav,Marimba_and_xylophone
07d58bea.wav,Marimba_and_xylophone
07d899ed.wav,Church_bell
07db9e55.wav,Toilet_flush
07dd3742.wav,Car_passing_by
0808a6a6.wav,Female_singing
08125947.wav,Microwave_oven
082075a6.wav,Shatter
0823f693.wav,Printer
082b10d7.wav,Gong
082e0755.wav,Glockenspiel
083fa6b4.wav,Knock
084a3cb0.wav,"Screaming,Yell"
084a8851.wav,"Electric_guitar,Strum"
0853b5b2.wav,Burping_and_eructation
0853e0df.wav,Marimba_and_xylophone
086716f4.wav,"Squeak,Writing"
086eb83c.wav,Slam
088aafb8.wav,"Drip,Sink_(filling_or_washing),Water_tap_and_faucet"
08903981.wav,Cutlery_and_silverware
08a5c994.wav,"Fill_(with_liquid),Sink_(filling_or_washing)"
08a9c575.wav,Crackle
08b28fc1.wav,Writing
08bbd169.wav,Bark
08d21a2f.wav,Female_speech_and_woman_speaking
08ecbabe.wav,Printer
08f26926.wav,Tap
090ec1e9.wav,Run
09467c17.wav,Bass_drum
09489a4d.wav,"Female_speech_and_woman_speaking,Yell"
0948bee1.wav,Frying_(food)
096d4ea9.wav,"Trickle_and_dribble,Water_tap_and_faucet"
09904fa0.wav,Bus
0991f0a6.wav,Walk_and_footsteps
099967d7.wav,Bicycle_bell
09a3f30d.wav,Cupboard_open_or_close
09ab7274.wav,Whispering
09b0e193.wav,Child_speech_and_kid_speaking
09baece9.wav,Purr
09be0615.wav,Marimba_and_xylophone
09c3bf9c.wav,Cricket
09ea7d4b.wav,Harmonica
09f9f88a.wav,"Male_speech_and_man_speaking,Yell"
0a2895b8.wav,Mechanical_fan
0a3180bb.wav,Harmonica
0a33c182.wav,Stream
0a384bc7.wav,Cupboard_open_or_close
0a9bebde.wav,Electric_guitar
0a9c90be.wav,Bark
0a9f7b92.wav,Female_speech_and_woman_speaking
0ab47a4c.wav,Frying_(food)
0abd0eb8.wav,Tap
0abe5490.wav,"Applause,Crowd,Cheering"
0ad3bda4.wav,Sigh
0afcd866.wav,Meow
0afd6e4d.wav,Gasp
0afe72a0.wav,Harmonica
0b32531f.wav,Crackle
0b4aa3a9.wav,Gurgling
0b5181e9.wav,Meow
0b56ee61.wav,"Fill_(with_liquid),Water_tap_and_faucet"
0b576f4a.wav,"Shatter,Chink_and_clink"
0b593941.wav,Bark
0b76a30a.wav,Motorcycle
0b8c8a7f.wav,Knock
0b8ec4ea.wav,Printer
0b92c232.wav,Frying_(food)
0b949bce.wav,Hi-hat
0b9906f7.wav,Tick-tock
0ba562eb.wav,"Crowd,Cheering"
0ba9b46f.wav,Accelerating_and_revving_and_vroom
0baae49b.wav,Keys_jangling
0bbc3b34.wav,Church_bell
0bbf64cd.wav,Sneeze
0bc38b08.wav,Male_speech_and_man_speaking
0bdd6f5c.wav,Slam
0be62038.wav,Child_speech_and_kid_speaking
0bedc75d.wav,Gong
0bef339c.wav,"Clapping,Chirp_and_tweet"
0bf07c62.wav,Bark
0bf4a43b.wav,Crackle
0bfe7e74.wav,Bark
0c0fdf50.wav,"Electric_guitar,Squeak"
0c17c463.wav,Sneeze
0c1ed3d9.wav,Accordion
0c1fea9f.wav,Male_singing
0c28d31c.wav,Crackle
0c2bf32c.wav,Microwave_oven
0c2c5c75.wav,Accelerating_and_revving_and_vroom
0c380380.wav,Hiss
0c4daa47.wav,"Cutlery_and_silverware,Dishes_and_pots_and_pans"
0c8fd5b4.wav,Bicycle_bell
0caebdd8.wav,Bus
0cb195f0.wav,Sneeze
0cbc10f0.wav,Male_singing
0cd1b919.wav,Keys_jangling
0ce4712f.wav,Mechanical_fan
0cf16951.wav,Clapping
0cfe23f5.wav,Knock
0d06ee8b.wav,Toilet_flush
0d0c1e12.wav,Squeak
0d0f7466.wav,Electric_guitar
0d0f897b.wav,Fill_(with_liquid)
0d26d36a.wav,Church_bell
0d2f75e6.wav,Electric_guitar
0d32d3ce.wav,Clapping
0d5591e9.wav,Burping_and_eructation
0d6c5eef.wav,Tap
0d792e36.wav,Shatter
0d904cd7.wav,Bark
0da0720b.wav,"Female_singing,Male_singing"
0da4e56c.wav,Hiss
0daef120.wav,Gong
0de1b5da.wav,Meow
0dfedcfb.wav,Chirp_and_tweet
0e081c76.wav,Burping_and_eructation
0e09eacd.wav,Female_singing
0e0d4cf6.wav,"Squeak,Walk_and_footsteps"
0e2b6912.wav,Church_bell
0e2bd984.wav,Gong
0e2fa988.wav,Motorcycle
0e396c69.wav,Glockenspiel
0e3f7010.wav,"Dishes_and_pots_and_pans,Chink_and_clink"
0e4f400a.wav,Computer_keyboard
0e7b1902.wav,"Cutlery_and_silverware,Dishes_and_pots_and_pans"
0e7ed5d5.wav,Whispering
0e7f526e.wav,Gong
0e97fc0c.wav,Keys_jangling
0ea117ff.wav,Burping_and_eructation
0ea2b567.wav,Keys_jangling
0ea3fc0c.wav,Bus
0ea7ac9f.wav,Waves_and_surf
0ec91836.wav,Run
0ecc5527.wav,Printer
0ee9f15d.wav,Cupboard_open_or_close
0ef058e0.wav,"Walk_and_footsteps,Slam"
0efbb215.wav,"Cutlery_and_silverware,Dishes_and_pots_and_pans"
0f01da14.wav,Electric_guitar
0f12931e.wav,Whispering
0f1856a3.wav,Bicycle_bell
0f1c8f0c.wav,Accordion
0f2eec08.wav,Trickle_and_dribble
0f301184.wav,Clapping
0f367db9.wav,Slam
0f381587.wav,"Sink_(filling_or_washing),Water_tap_and_faucet"
0f3e8cd2.wav,"Cutlery_and_silverware,Dishes_and_pots_and_pans"
0f57c1ab.wav,"Cutlery_and_silverware,Dishes_and_pots_and_pans"
0f59fd58.wav,"Screaming,Yell"
0f5c8134.wav,Traffic_noise_and_roadway_noise
0f622d54.wav,Run
0f818ba3.wav,Trickle_and_dribble
0f8eb9a4.wav,Marimba_and_xylophone
0f96f548.wav,"Applause,Cheering"
0f9ecbf8.wav,Sneeze
0fad34a4.wav,"Applause,Cheering"
0faeaee0.wav,Marimba_and_xylophone
0fbb5aa0.wav,Accordion
0fc60c54.wav,Gurgling
10138a66.wav,Toilet_flush
10169afe.wav,Purr
101b5708.wav,Waves_and_surf
1028e1e3.wav,"Acoustic_guitar,Strum"
103311c2.wav,Stream
10398a99.wav,Sigh
103e131b.wav,Male_speech_and_man_speaking
105779c4.wav,Microwave_oven
105e51ce.wav,Bass_drum
10694ac0.wav,Run
1076b43b.wav,Fart
10875c25.wav,Stream
10896108.wav,Computer_keyboard
1089aeec.wav,Chirp_and_tweet
10973b38.wav,Bicycle_bell
10b04d17.wav,Sneeze
10c75a64.wav,Sneeze
10c821a2.wav,Finger_snapping
10d27c8a.wav,Sigh
10ddcfd5.wav,"Cutlery_and_silverware,Dishes_and_pots_and_pans,Chink_and_clink"
10e6b5b0.wav,Traffic_noise_and_roadway_noise
10e735ff.wav,Bathtub_(filling_or_washing)
110235bc.wav,Accordion
11093fcb.wav,"Car_passing_by,Race_car_and_auto_racing"
113d718f.wav,Scissors
115075fa.wav,Fill_(with_liquid)
1160023b.wav,Computer_keyboard
11668ebe.wav,Church_bell
116b46de.wav,Chewing_and_mastication
116d3c90.wav,Male_singing
11867736.wav,Sigh
11927659.wav,"Squeak,Slam"
1195f1b1.wav,Bus
11a3989f.wav,Whispering
11a4677f.wav,Accelerating_and_revving_and_vroom
11ae6286.wav,Male_speech_and_man_speaking
11c35afd.wav,Clapping
11c50e59.wav,Bass_drum
11cb0b22.wav,Drawer_open_or_close
11e6a84b.wav,Screaming
12248a61.wav,Child_speech_and_kid_speaking
1228a986.wav,Bus
124a906e.wav,"Sink_(filling_or_washing),Water_tap_and_faucet"
12745fe9.wav,Harmonica
1277e6da.wav,Hiss
1291a031.wav,Tick-tock
129f04b3.wav,Bass_guitar
12b153fa.wav,Run
12c5e852.wav,Microwave_oven
12c8643b.wav,Bathtub_(filling_or_washing)
12d91557.wav,Tick-tock
12e1ee91.wav,Fart
12eb601a.wav,Tick-tock
12f56dc6.wav,"Applause,Cheering,Clapping"
1304facb.wav,Bass_guitar
130aa63f.wav,"Applause,Cheering"
132240f8.wav,Frying_(food)
132cec85.wav,"Applause,Crowd,Cheering"
13313897.wav,Zipper_(clothing)
1353b699.wav,Trickle_and_dribble
135cbca2.wav,Walk_and_footsteps
1392ceaa.wav,Gurgling
13949a07.wav,Tick-tock
13994bbd.wav,Chewing_and_mastication
13a1cc6d.wav,Microwave_oven
13bff01c.wav,Whispering
13e17511.wav,Bathtub_(filling_or_washing)
13eb02c3.wav,Bus
13ec06e4.wav,Motorcycle
13f5ce06.wav,Fart
13f90488.wav,Gong
140b0979.wav,Bathtub_(filling_or_washing)
14185b46.wav,Chink_and_clink
141cdbc8.wav,"Acoustic_guitar,Strum"
141f5811.wav,"Tap,Clapping"
1441c18b.wav,"Electric_guitar,Strum"
1447e255.wav,Whispering
1455fb90.wav,Accelerating_and_revving_and_vroom
145fc5a7.wav,Bus
14670333.wav,Computer_keyboard
1471bab1.wav,Bass_drum
14778c22.wav,Scissors
14a37521.wav,Walk_and_footsteps
14a60900.wav,Traffic_noise_and_roadway_noise
14c64597.wav,Toilet_flush
15076c03.wav,Car_passing_by
1510cec9.wav,"Screaming,Yell"
1528259b.wav,"Drip,Gurgling"
152fc7ef.wav,Fill_(with_liquid)
1536cdfe.wav,Zipper_(clothing)
1556167f.wav,Keys_jangling
155cc22a.wav,Crackle
1561f69c.wav,Drawer_open_or_close
156317f5.wav,Toilet_flush
1564c299.wav,Frying_(food)
15650496.wav,Chink_and_clink
157ce4ea.wav,Raindrop
1588dfe0.wav,"Female_speech_and_woman_speaking,Yell"
15936977.wav,Cricket
15948929.wav,Female_speech_and_woman_speaking
15a065ae.wav,Keys_jangling
15a681c2.wav,"Stream,Chirp_and_tweet"
15b4d674.wav,Knock
15b8f8a1.wav,Bark
15bd124a.wav,Traffic_noise_and_roadway_noise
15d94574.wav,Mechanical_fan
15f38a8e.wav,Run
160f7562.wav,"Male_speech_and_man_speaking,Yell"
1612366a.wav,Accordion
16133767.wav,"Motorcycle,Accelerating_and_revving_and_vroom"
162548b7.wav,Chirp_and_tweet
16316726.wav,Finger_snapping
1635608f.wav,Glockenspiel
16406a8c.wav,"Squeak,Cupboard_open_or_close"
1645eb58.wav,Marimba_and_xylophone
1677b929.wav,Glockenspiel
169e40a6.wav,Scissors
16b49662.wav,Printer
16b79ae3.wav,Purr
16b7dc4c.wav,Cricket
16c8fe3f.wav,Fill_(with_liquid)
16dda2ae.wav,"Cutlery_and_silverware,Drawer_open_or_close"
16e101d4.wav,Sigh
16f547f9.wav,Bass_drum
16fd46e8.wav,Motorcycle
17079df8.wav,Bass_guitar
1719ab6d.wav,Waves_and_surf
171f783c.wav,Crackle
17431ee1.wav,Bathtub_(filling_or_washing)
174d3f13.wav,Toilet_flush
174eecf1.wav,Run
17702ec2.wav,"Cutlery_and_silverware,Dishes_and_pots_and_pans"
1797235d.wav,"Squeak,Walk_and_footsteps"
179f2a74.wav,Bark
17a1cd61.wav,Burping_and_eructation
17aafc70.wav,"Raindrop,Drip"
17b60afb.wav,Burping_and_eructation
17bccba6.wav,Printer
17be505b.wav,Purr
17c09be3.wav,Motorcycle
17c5fff8.wav,Harmonica
17c999bb.wav,Whispering
17d875e5.wav,Fart
17df5e17.wav,Yell
17f35ba6.wav,Fill_(with_liquid)
1813b871.wav,Bass_guitar
181b4f5d.wav,Motorcycle
1829fa7f.wav,Scissors
18370335.wav,Bark
1846a192.wav,Crackle
185174d8.wav,Chink_and_clink
185c6622.wav,Tick-tock
18689b49.wav,Accordion
18733926.wav,Gurgling
188009d1.wav,Accordion
188106d9.wav,Hiss
1888b369.wav,Scissors
188ae5ec.wav,Tick-tock
188fce41.wav,Male_speech_and_man_speaking
18991bbf.wav,Knock
18afb50b.wav,Skateboard
18ce4d73.wav,Meow
18d5dcfd.wav,Glockenspiel
18e2c03c.wav,Bicycle_bell
19105052.wav,Computer_keyboard
1912ee5a.wav,Chewing_and_mastication
192bacfd.wav,Scissors
192cc9c9.wav,Mechanical_fan
19326eae.wav,Church_bell
19385668.wav,Traffic_noise_and_roadway_noise
1974b562.wav,Skateboard
19983223.wav,"Fill_(with_liquid),Bathtub_(filling_or_washing)"
199d1e79.wav,Bathtub_(filling_or_washing)
19a88f16.wav,Buzz
1a02ce47.wav,Meow
1a056a3e.wav,Stream
1a081dec.wav,"Applause,Crowd,Cheering"
1a1980f1.wav,"Sink_(filling_or_washing),Water_tap_and_faucet"
1a2a62da.wav,Harmonica
1a33e6af.wav,Hiss
1a430d97.wav,Shatter
1a4c3769.wav,Gurgling
1a4e0ae4.wav,Trickle_and_dribble
1a4e52c5.wav,Tap
1a589226.wav,Bark
1a598ecc.wav,Zipper_(clothing)
1a7d5cc2.wav,Traffic_noise_and_roadway_noise
1a94671f.wav,Fart
1a959921.wav,"Raindrop,Drip"
1a9f2ce8.wav,Gasp
1aa41492.wav,Motorcycle
1abc9afd.wav,Tick-tock
1ac703b0.wav,Run
1acaf122.wav,Male_singing
1b033cd6.wav,Skateboard
1b1dc76c.wav,Computer_keyboard
1b288941.wav,Printer
1b2993de.wav,Burping_and_eructation
1b3a51e2.wav,"Trickle_and_dribble,Water_tap_and_faucet"
1b3eca9e.wav,Marimba_and_xylophone
1b4b0474.wav,Shatter
1b69e0ab.wav,"Electric_guitar,Squeak"
1b6e74e0.wav,Church_bell
1b764c82.wav,Sigh
1b7bfce2.wav,Zipper_(clothing)
1b84c675.wav,Glockenspiel
1b897583.wav,Frying_(food)
1b913c10.wav,Cricket
1b9c723e.wav,Shatter
1bbe8636.wav,Sigh
1bd8b55a.wav,Bass_guitar
1be4862f.wav,Shatter
1c05f9b3.wav,Drawer_open_or_close
1c2c8b7e.wav,Gong
1c3e78bf.wav,Drawer_open_or_close
1c46064a.wav,Keys_jangling
1c545ffa.wav,Sigh
1c5ecd96.wav,"Sink_(filling_or_washing),Water_tap_and_faucet"
1c5f65c7.wav,Bass_guitar
1c6176a1.wav,Knock
1c693c61.wav,Cutlery_and_silverware
1c6cdffa.wav,Buzz
1c7f3127.wav,Writing
1cd178fa.wav,"Raindrop,Drip"
1ce4fa3c.wav,Mechanical_fan
1cec80c8.wav,Drawer_open_or_close
1cf40f8a.wav,Cupboard_open_or_close
1d0d3df0.wav,Scissors
1d0f9636.wav,Church_bell
1d27d006.wav,Mechanical_fan
1d316f64.wav,Printer
1d35e64d.wav,Accordion
1d3bc071.wav,Computer_keyboard
1d3f1fc8.wav,Mechanical_fan
1d44b0bd.wav,Whispering
1d51494b.wav,Female_singing
1d51b418.wav,"Applause,Crowd"
1d721e8a.wav,Chink_and_clink
1d947d94.wav,Bicycle_bell
1db7a9ff.wav,Church_bell
1db95302.wav,Marimba_and_xylophone
1dbbd407.wav,Bathtub_(filling_or_washing)
1dbedd13.wav,Bus
1dbf40a4.wav,Electric_guitar
1dc4ef89.wav,Gong
1dcff5d3.wav,Church_bell
1dd2b0d4.wav,Bicycle_bell
1df3ad98.wav,Burping_and_eructation
1df96ed1.wav,"Applause,Crowd,Cheering"
1e0a83aa.wav,Toilet_flush
1e0effe5.wav,"Male_speech_and_man_speaking,Yell"
1e14c378.wav,Writing
1e380531.wav,"Cheering,Clapping"
1e3cabb3.wav,Zipper_(clothing)
1e43e6de.wav,Glockenspiel
1e67dfd2.wav,Toilet_flush
1e6bfa17.wav,Microwave_oven
1e761a0d.wav,Cricket
1e909392.wav,Bass_drum
1e9396d3.wav,Race_car_and_auto_racing
1ea3b0ef.wav,"Electric_guitar,Bass_guitar"
1ec61c9b.wav,Fill_(with_liquid)
1edae588.wav,Bass_drum
1eeeb02f.wav,Bass_drum
1ef24cff.wav,Chink_and_clink
1ef3a5eb.wav,Run
1f0aabd0.wav,Marimba_and_xylophone
1f0c13d1.wav,"Acoustic_guitar,Strum"
1f15dd93.wav,Electric_guitar
1f283276.wav,Female_singing
1f3b7fe5.wav,Tap
1f3c9ffb.wav,"Cutlery_and_silverware,Drawer_open_or_close"
1f3dea4c.wav,Walk_and_footsteps
1f454dbf.wav,Gurgling
1f5cc6b7.wav,Skateboard
1f685a7e.wav,Hiss
1f6bbecb.wav,Harmonica
1f6fc8d3.wav,Church_bell
1f7862d9.wav,Drawer_open_or_close
1f79ce6a.wav,"Crowd,Cheering,Yell"
1f86be6b.wav,"Drip,Sink_(filling_or_washing)"
1f87beef.wav,Accordion
1f887d49.wav,"Cutlery_and_silverware,Dishes_and_pots_and_pans"
1f9594a7.wav,Hi-hat
1f9d5aa1.wav,Car_passing_by
1fa83338.wav,Hiss
1fa867aa.wav,Finger_snapping
1fb887c7.wav,Sigh
1fba0a3f.wav,"Applause,Cheering,Clapping"
1fe35577.wav,Knock
1fe3b4ca.wav,Tick-tock
1ff3bef5.wav,Chirp_and_tweet
1ff7d782.wav,Harmonica
2006e384.wav,Hi-hat
202090cf.wav,Gasp
2037232e.wav,"Acoustic_guitar,Strum"
204908cf.wav,Writing
205403f8.wav,Bus
20682498.wav,Race_car_and_auto_racing
206dce4c.wav,Screaming
2070d79e.wav,"Acoustic_guitar,Strum"
208f8291.wav,Printer
209d20a2.wav,Fart
209eb37d.wav,Computer_keyboard
20a262ac.wav,"Acoustic_guitar,Strum"
20adca87.wav,Hi-hat
20ae2882.wav,Skateboard
20b02aa6.wav,"Meow,Purr"
20d80309.wav,"Raindrop,Drip,Water_tap_and_faucet"
20d81662.wav,Glockenspiel
20e57534.wav,Zipper_(clothing)
20e7a4a5.wav,Cupboard_open_or_close
20f80294.wav,Walk_and_footsteps
20fbad66.wav,Glockenspiel
21065bd2.wav,Marimba_and_xylophone
21082fb0.wav,Car_passing_by
21152af4.wav,Bathtub_(filling_or_washing)
211717bf.wav,Skateboard
21183998.wav,Clapping
211d5b90.wav,Zipper_(clothing)
2136213c.wav,Whispering
214cac82.wav,Crackle
217b2978.wav,"Motorcycle,Accelerating_and_revving_and_vroom"
217bde78.wav,Scissors
217beeff.wav,Marimba_and_xylophone
218a25cd.wav,Yell
219f0459.wav,"Knock,Slam"
21b5e349.wav,Sneeze
21c2026c.wav,"Tap,Dishes_and_pots_and_pans"
21c42e09.wav,Microwave_oven
21ee2fc0.wav,Chink_and_clink
21ef7b42.wav,Chewing_and_mastication
221312ec.wav,Whispering
2220b3e8.wav,"Acoustic_guitar,Strum"
222ae82e.wav,Motorcycle
22371cd0.wav,Male_speech_and_man_speaking
223d8ad3.wav,Drawer_open_or_close
2254783e.wav,Tap
22819216.wav,Meow
228212bb.wav,Bus
228a779e.wav,Toilet_flush
2297374f.wav,"Dishes_and_pots_and_pans,Chink_and_clink"
229dcd9a.wav,Child_speech_and_kid_speaking
22a34e4e.wav,Car_passing_by
22a64751.wav,Sigh
22af36ad.wav,Keys_jangling
22b2759d.wav,Race_car_and_auto_racing
22b55839.wav,Hi-hat
22bc52dd.wav,Male_singing
22c62012.wav,Microwave_oven
22c82663.wav,Screaming
22ceb5f3.wav,"Race_car_and_auto_racing,Accelerating_and_revving_and_vroom"
22cf8734.wav,Chewing_and_mastication
22d45131.wav,"Trickle_and_dribble,Water_tap_and_faucet"
22f79420.wav,Skateboard
22fabd8c.wav,Toilet_flush
2303440b.wav,Hiss
2306736e.wav,Hi-hat
2317c318.wav,Shatter
2326dece.wav,"Electric_guitar,Strum"
23376d03.wav,Harmonica
234aef2b.wav,Mechanical_fan
23528c2b.wav,Child_speech_and_kid_speaking
23570fba.wav,Writing
235ca948.wav,Hiss
236a3c5b.wav,Gong
237ae73c.wav,Male_singing
2380cfcc.wav,Bass_guitar
2382e924.wav,Printer
239765ad.wav,Male_singing
23aadf70.wav,Fill_(with_liquid)
23b1b3ce.wav,Knock
23b97f49.wav,Sneeze
23bb80b6.wav,Fill_(with_liquid)
23bdf4ed.wav,Chirp_and_tweet
23c09b69.wav,Burping_and_eructation
23e73d11.wav,Zipper_(clothing)
23ee33f6.wav,Fart
23ef66b9.wav,Sneeze
23ef72c2.wav,Chirp_and_tweet
23f3be5c.wav,Clapping
24134a34.wav,Bicycle_bell
241cab5c.wav,Scissors
242fac4b.wav,Bass_guitar
2430b5f2.wav,Male_singing
24334f89.wav,Toilet_flush
2442866d.wav,Printer
2445fae8.wav,Stream
2475c27b.wav,Hi-hat
2494ce83.wav,Purr
24a0b0d0.wav,"Raindrop,Drip"
24a79ce3.wav,Waves_and_surf
24c4eea5.wav,Crackle
24db7e1c.wav,Bathtub_(filling_or_washing)
24e7046b.wav,Burping_and_eructation
24e7e6f1.wav,Car_passing_by
24ea8eb8.wav,Race_car_and_auto_racing
24ef9e2a.wav,Sigh
24fa5c16.wav,Hi-hat
24fa7afe.wav,Bass_drum
25033c9b.wav,Sigh
2521ca32.wav,Car_passing_by
252c287d.wav,Purr
25491b93.wav,Zipper_(clothing)
255d71ac.wav,Drip
256ca03e.wav,Zipper_(clothing)
2572b0a2.wav,Scissors
2574486c.wav,"Sink_(filling_or_washing),Water_tap_and_faucet"
258ba628.wav,"Dishes_and_pots_and_pans,Chink_and_clink"
25b45b4b.wav,"Raindrop,Drip"
25b7253d.wav,Bus
25d724b3.wav,Accelerating_and_revving_and_vroom
25f91c87.wav,Finger_snapping
260412f6.wav,Waves_and_surf
260b9260.wav,"Acoustic_guitar,Strum"
2611b5e9.wav,Shatter
26213be3.wav,Marimba_and_xylophone
262cc5df.wav,Knock
2633a988.wav,Fill_(with_liquid)
2635b3fe.wav,Church_bell
2640f8fe.wav,Fart
264663e5.wav,"Sink_(filling_or_washing),Water_tap_and_faucet"
2650688f.wav,Zipper_(clothing)
2652dbc4.wav,Frying_(food)
26612c89.wav,Female_speech_and_woman_speaking
26627866.wav,Buzz
26831106.wav,Gong
26863e33.wav,Sneeze
269bdf11.wav,"Applause,Crowd,Cheering"
26bce1d8.wav,Clapping
26ce6750.wav,Tick-tock
26ef2725.wav,Yell
26f6f4c7.wav,Crackle
26f96160.wav,"Walk_and_footsteps,Stream"
27089611.wav,"Dishes_and_pots_and_pans,Chink_and_clink"
270f0610.wav,Microwave_oven
2711fd04.wav,Purr
27348d4f.wav,"Squeak,Cupboard_open_or_close"
2739706c.wav,Crackle
275b7037.wav,Meow
275dae40.wav,Bus
276696fe.wav,Skateboard
276fca70.wav,Bark
277091a6.wav,"Raindrop,Drip"
279b2071.wav,Gong
27b8aa89.wav,Zipper_(clothing)
27c5526e.wav,Clapping
27dccb98.wav,Accordion
27edb813.wav,Purr
27f44db5.wav,Crackle
27f74f04.wav,Marimba_and_xylophone
27f79a57.wav,Sigh
27fcf4e6.wav,Gurgling
280b22b8.wav,Whispering
281a39a7.wav,Bicycle_bell
2821793b.wav,Computer_keyboard
28348f52.wav,Male_singing
283e4a2c.wav,Motorcycle
283f0a7e.wav,"Walk_and_footsteps,Run"
2842633f.wav,Keys_jangling
2844d66f.wav,Child_speech_and_kid_speaking
284634d3.wav,Bark
2847a09b.wav,Stream
284991fe.wav,Sigh
284b39ef.wav,Chirp_and_tweet
2856e756.wav,Car_passing_by
2858707b.wav,Burping_and_eructation
2859f4b9.wav,Church_bell
28710bef.wav,Crackle
287fcee9.wav,Printer
2882f87f.wav,Bass_guitar
2883b626.wav,Acoustic_guitar
288ba073.wav,Race_car_and_auto_racing
289bba34.wav,Chewing_and_mastication
28a86dd4.wav,Scissors
28c23268.wav,Meow
28c5265e.wav,"Squeak,Chirp_and_tweet"
28cb8b10.wav,Child_speech_and_kid_speaking
28cd6c24.wav,Marimba_and_xylophone
28d16a7d.wav,Bark
28dc5d51.wav,Bass_drum
28f1b0c9.wav,Chewing_and_mastication
28fe2649.wav,Keys_jangling
290a7931.wav,Walk_and_footsteps
292dec43.wav,Church_bell
29487b65.wav,"Acoustic_guitar,Strum"
297bb25b.wav,Bass_drum
2986c0b6.wav,Drawer_open_or_close
298b136c.wav,Male_speech_and_man_speaking
299a95ba.wav,Cupboard_open_or_close
299ac495.wav,"Cricket,Buzz"
29b9ad45.wav,Hiss
29c3d13b.wav,Chewing_and_mastication
29d3717c.wav,Whispering
29ec489b.wav,Hiss
29f37eca.wav,Harmonica
2a010af0.wav,Knock
2a012210.wav,Bicycle_bell
2a0260fd.wav,"Raindrop,Drip"
2a0c0987.wav,Purr
2a10a3cb.wav,Printer
2a1a1c6d.wav,Harmonica
2a1d4273.wav,"Screaming,Yell"
2a24917c.wav,Sneeze
2a282c7e.wav,Meow
2a299b2f.wav,Harmonica
2a3093d4.wav,Bass_drum
2a3970a8.wav,Hiss
2a4385f4.wav,Marimba_and_xylophone
2a5046de.wav,Tap
2a5d34c8.wav,Computer_keyboard
2a5db8ac.wav,Accordion
2a72d742.wav,Bass_guitar
2a9806d4.wav,Bus
2a9835a8.wav,Stream
2a9feff0.wav,"Squeak,Walk_and_footsteps"
2aca030b.wav,Microwave_oven
2ada1136.wav,Hi-hat
2adeca51.wav,Computer_keyboard
2ae58761.wav,Chewing_and_mastication
2ae9e186.wav,Keys_jangling
2b010ddd.wav,Mechanical_fan
2b05accf.wav,Printer
2b558f72.wav,Bass_drum
2b575ff7.wav,Waves_and_surf
2b5d45da.wav,Tick-tock
2b715dfa.wav,Tap
2b7f1b91.wav,Hi-hat
2b826103.wav,Waves_and_surf
2b8f57c3.wav,Purr
2b960078.wav,Yell
2b979eaf.wav,"Sink_(filling_or_washing),Water_tap_and_faucet"
2b9d92b9.wav,Cupboard_open_or_close
2be22ea9.wav,Tick-tock
2c13c394.wav,"Acoustic_guitar,Strum"
2c14a6dc.wav,Church_bell
2c1c3fe0.wav,"Tap,Dishes_and_pots_and_pans"
2c2383b1.wav,Tick-tock
2c28c5e6.wav,Screaming
2c391405.wav,Sigh
2c40f9de.wav,Cricket
2c47750e.wav,"Fart,Drawer_open_or_close"
2c4c8c2e.wav,Marimba_and_xylophone
2c58c81e.wav,Squeak
2c5909c0.wav,Hi-hat
2c5b7b79.wav,Electric_guitar
2c65439d.wav,Sneeze
2c6d5066.wav,Gasp
2c8fb11f.wav,Male_singing
2cac02f7.wav,Printer
2cbbabea.wav,Drawer_open_or_close
2cd16d67.wav,Chewing_and_mastication
2cd72b9e.wav,Church_bell
2cdeefc3.wav,Trickle_and_dribble
2ce15a90.wav,Screaming
2ce5262c.wav,Finger_snapping
2cea52ef.wav,Toilet_flush
2d09ce52.wav,Knock
2d1b8677.wav,Bicycle_bell
2d355786.wav,Cutlery_and_silverware
2d52fd96.wav,Screaming
2d55b8bb.wav,Tick-tock
2d5940e9.wav,Fart
2d661014.wav,Drawer_open_or_close
2d6d9427.wav,Motorcycle
2d85ba58.wav,Fart
2d8b78aa.wav,Accordion
2da03489.wav,"Applause,Crowd,Clapping"
2da75f59.wav,Slam
2daf02d6.wav,Microwave_oven
2db2b9e8.wav,Finger_snapping
2ddccd97.wav,Child_speech_and_kid_speaking
2de86075.wav,Printer
2e15ebbf.wav,Fart
2e1fcab9.wav,Sigh
2e35d1ae.wav,Skateboard
2e4cf1cc.wav,Harmonica
2e5ae9c3.wav,Knock
2e5fa425.wav,Cupboard_open_or_close
2e607277.wav,Shatter
2e636265.wav,Buzz
2e7721b1.wav,Drawer_open_or_close
2e8763ab.wav,Keys_jangling
2e906a57.wav,"Meow,Purr"
2e916ab6.wav,Fart
2e91c90e.wav,Run
2ea1be26.wav,Tap
2ea548d1.wav,Female_singing
2ea595d6.wav,Burping_and_eructation
2eaf420a.wav,Bass_guitar
2eb0e436.wav,"Cutlery_and_silverware,Dishes_and_pots_and_pans"
2ebd9ef1.wav,Gasp
2ecc2d2b.wav,Marimba_and_xylophone
2ed2ec39.wav,Glockenspiel
2edfcda8.wav,Female_singing
2f196dda.wav,Electric_guitar
2f1c4765.wav,Gong
2f2b8620.wav,Gasp
2f31e0ed.wav,Trickle_and_dribble
2f3750d3.wav,Gong
2f4e8bd6.wav,Bathtub_(filling_or_washing)
2f5c33bd.wav,Male_speech_and_man_speaking
2f77fa88.wav,Screaming
2fa4f9d5.wav,Chink_and_clink
2fad35e9.wav,"Applause,Crowd,Cheering"
2fb512a0.wav,"Race_car_and_auto_racing,Accelerating_and_revving_and_vroom"
2fb7b4d4.wav,"Raindrop,Drip"
2fbad369.wav,Drawer_open_or_close
2fcba750.wav,Meow
2ff16998.wav,Bus
2ffda273.wav,Finger_snapping
30180329.wav,Scissors
303f67ff.wav,Zipper_(clothing)
304ad67c.wav,Church_bell
30662e2a.wav,Skateboard
308a0b39.wav,Chewing_and_mastication
308eb701.wav,Female_singing
30965e0c.wav,"Female_speech_and_woman_speaking,Yell"
30a466c4.wav,"Squeak,Walk_and_footsteps"
30ad0819.wav,Bicycle_bell
30c604bf.wav,Chewing_and_mastication
30d1af01.wav,"Toilet_flush,Gurgling"
30d491da.wav,"Applause,Crowd,Cheering"
30d548d8.wav,Tap
30d5acc2.wav,Microwave_oven
30d80624.wav,"Cutlery_and_silverware,Dishes_and_pots_and_pans"
30dd6890.wav,Hiss
30e8ee66.wav,Gong
30f12863.wav,"Race_car_and_auto_racing,Accelerating_and_revving_and_vroom"
30f76c58.wav,"Tap,Bass_drum"
3106bea1.wav,Electric_guitar
3107ff15.wav,Writing
310ef563.wav,Skateboard
31125142.wav,Tick-tock
3127fec6.wav,"Gurgling,Chink_and_clink"
31316263.wav,Shatter
313917ac.wav,Glockenspiel
3143949f.wav,Glockenspiel
31536ab1.wav,Writing
31547eee.wav,Male_speech_and_man_speaking
31576783.wav,"Female_singing,Male_singing"
316e7a54.wav,Drawer_open_or_close
3171318d.wav,Drawer_open_or_close
3174cb9c.wav,"Dishes_and_pots_and_pans,Chink_and_clink"
319b8046.wav,Bass_drum
31a0f9cc.wav,Clapping
31a446df.wav,Chewing_and_mastication
31a5e443.wav,Gurgling
31f08089.wav,Glockenspiel
31fbbf4b.wav,Tick-tock
32007366.wav,Whispering
321564ac.wav,"Squeak,Walk_and_footsteps"
3218a0e2.wav,Squeak
3224e1b8.wav,Bicycle_bell
322988c5.wav,"Toilet_flush,Gurgling"
323fe68f.wav,Finger_snapping
324e0ee0.wav,Fart
32671dff.wav,Run
3281e695.wav,Buzz
328626b4.wav,Cricket
32995dc6.wav,Clapping
32adc9b1.wav,Sigh
32b3d1cc.wav,Marimba_and_xylophone
32c6b83e.wav,"Raindrop,Drip"
32c9e0c6.wav,Chewing_and_mastication
32cd6d2d.wav,Car_passing_by
32d251d2.wav,Stream
32d6fe75.wav,Bicycle_bell
32e9ea46.wav,Bass_drum
32ec2454.wav,Computer_keyboard
3315ec7f.wav,Bark
3325a5b5.wav,Waves_and_surf
3327b9be.wav,Hi-hat
3342ee9c.wav,Walk_and_footsteps
3344171c.wav,"Race_car_and_auto_racing,Accelerating_and_revving_and_vroom"
3344bb35.wav,Writing
33542424.wav,Cricket
33775c43.wav,Drawer_open_or_close
33812019.wav,Bathtub_(filling_or_washing)
3382eef3.wav,Bathtub_(filling_or_washing)
338e278d.wav,Computer_keyboard
339fcfb6.wav,Cricket
33afc5ae.wav,Stream
33b4d669.wav,Clapping
33b91bd3.wav,Child_speech_and_kid_speaking
33c04154.wav,Computer_keyboard
33dc513c.wav,Clapping
33e4d8ce.wav,"Dishes_and_pots_and_pans,Chink_and_clink"
33eb501f.wav,Marimba_and_xylophone
34089eb9.wav,Glockenspiel
340ba680.wav,Knock
3419437d.wav,Bicycle_bell
3426759f.wav,Gong
343d0e27.wav,"Drip,Water_tap_and_faucet"
344bc484.wav,Gong
344e6e11.wav,Bicycle_bell
345576c7.wav,Cupboard_open_or_close
34598934.wav,Slam
3459e6a9.wav,Yell
34621bd4.wav,Purr
3467e392.wav,Female_speech_and_woman_speaking
3469acad.wav,Purr
34710500.wav,Drawer_open_or_close
3471f18a.wav,Finger_snapping
34746b28.wav,Marimba_and_xylophone
34796367.wav,Waves_and_surf
347aa821.wav,"Meow,Clapping"
3486599b.wav,Chewing_and_mastication
3487b200.wav,Church_bell
34914bc9.wav,Zipper_(clothing)
34947dc4.wav,Bus
349ef2c4.wav,Bicycle_bell
34a9dfff.wav,Writing
34cb4362.wav,Skateboard
34ce2dee.wav,Gong
34d26a2e.wav,Zipper_(clothing)
34eb1147.wav,Whispering
34fc5bb9.wav,Computer_keyboard
34fffe67.wav,Female_speech_and_woman_speaking
3520f2f0.wav,"Cheering,Yell"
35564ade.wav,Microwave_oven
35611d3d.wav,Fill_(with_liquid)
359068cb.wav,Cupboard_open_or_close
35badf6d.wav,Bicycle_bell
35cb2141.wav,Gong
35cd3f3d.wav,Keys_jangling
35d474fc.wav,Skateboard
35f6177e.wav,"Acoustic_guitar,Strum"
35f9b702.wav,"Acoustic_guitar,Strum"
35fc9107.wav,Waves_and_surf
3604ec18.wav,"Hi-hat,Bass_drum"
361324b5.wav,Male_singing
3614bc28.wav,Tick-tock
362625bc.wav,Traffic_noise_and_roadway_noise
36378bf3.wav,Chewing_and_mastication
36399edc.wav,Electric_guitar
3639ed84.wav,Chirp_and_tweet
36409784.wav,Mechanical_fan
364e3fcc.wav,Bark
3674f6d5.wav,Scissors
368e95b1.wav,Child_speech_and_kid_speaking
36927842.wav,Shatter
369b3817.wav,Knock
36a0754b.wav,Sigh
36b9f34b.wav,Drawer_open_or_close
36bf9b0b.wav,Fart
36cb79d1.wav,Whispering
36d19e04.wav,Chink_and_clink
36d1f8e5.wav,Scissors
36d42451.wav,Hi-hat
36d91ca6.wav,"Toilet_flush,Gurgling"
36eed53b.wav,Burping_and_eructation
36f0c25c.wav,Harmonica
36fa2ff4.wav,Motorcycle
37010ae4.wav,Female_speech_and_woman_speaking
3703ccec.wav,Burping_and_eructation
372b2573.wav,Walk_and_footsteps
3730db37.wav,Whispering
3741da3c.wav,Fill_(with_liquid)
374aa08b.wav,Shatter
37647aca.wav,Chewing_and_mastication
3780e6b9.wav,Purr
378b39f6.wav,"Acoustic_guitar,Strum"
378bf710.wav,Frying_(food)
378c1422.wav,Accelerating_and_revving_and_vroom
379e6df8.wav,Hiss
37acc887.wav,Tap
37b06275.wav,Traffic_noise_and_roadway_noise
37b40c62.wav,Waves_and_surf
37b6319b.wav,Hiss
37ba0080.wav,Mechanical_fan
37bb17f8.wav,"Acoustic_guitar,Strum"
37cf0d4e.wav,Burping_and_eructation
37cf5cbe.wav,Mechanical_fan
37cfbaaa.wav,Knock
37dba7fa.wav,Marimba_and_xylophone
37e820ce.wav,Printer
37e8f4a1.wav,Writing
37ef9020.wav,Shatter
37f3f81d.wav,Chirp_and_tweet
380fc4c1.wav,Tick-tock
381174f0.wav,Fart
381aa551.wav,Meow
384fed5b.wav,Bass_guitar
385b1b1e.wav,Cricket
38637ad6.wav,Bathtub_(filling_or_washing)
386c7190.wav,Cutlery_and_silverware
38828531.wav,Gong
388dffee.wav,Gong
38a3568d.wav,Crackle
38a9c62a.wav,Knock
38b700ca.wav,"Applause,Crowd,Cheering"
38c37c96.wav,Child_speech_and_kid_speaking
38e5a075.wav,Computer_keyboard
38f2dc06.wav,Chirp_and_tweet
3906380b.wav,Screaming
3913fde9.wav,Male_speech_and_man_speaking
392df6ff.wav,Car_passing_by
39366814.wav,Hi-hat
393ad29d.wav,Mechanical_fan
394963a7.wav,Church_bell
3953b128.wav,Writing
39570b76.wav,Motorcycle
39720261.wav,Chink_and_clink
3989275f.wav,Male_speech_and_man_speaking
398b4803.wav,Clapping
398db0e3.wav,Hi-hat
3990995b.wav,Meow
3997ccc6.wav,Hi-hat
399a406d.wav,Microwave_oven
39b4260a.wav,Male_singing
39b978bb.wav,Female_singing
39bf957a.wav,Chink_and_clink
39d4d36e.wav,Fart
39e7f321.wav,Whispering
39faef00.wav,Toilet_flush
39fd3bd4.wav,Computer_keyboard
3a087c0a.wav,Bark
3a16fde2.wav,Computer_keyboard
3a219fe0.wav,Fart
3a2ad750.wav,Cricket
3a3e452e.wav,"Male_speech_and_man_speaking,Whispering"
3a4f2cf5.wav,"Drip,Trickle_and_dribble"
3a52204e.wav,"Race_car_and_auto_racing,Accelerating_and_revving_and_vroom"
3a6ab1b4.wav,Run
3a6d15a2.wav,Chewing_and_mastication
3a791894.wav,Cupboard_open_or_close
3a8643c3.wav,Stream
3a8bcc90.wav,Fart
3a98758e.wav,Traffic_noise_and_roadway_noise
3aa9a677.wav,Mechanical_fan
3aac655d.wav,Bus
3ac1bcfe.wav,Scissors
3acc9ed7.wav,Glockenspiel
3ae96476.wav,Chink_and_clink
3aea7186.wav,Printer
3aece46c.wav,Male_speech_and_man_speaking
3b1a1a3d.wav,Gurgling
3b1d5779.wav,"Acoustic_guitar,Strum"
3b1ed95a.wav,Bark
3b2cd366.wav,Male_singing
3b73fd22.wav,Purr
3b75623e.wav,Buzz
3b7f68d1.wav,Bus
3b7fcb50.wav,Sneeze
3b9a8461.wav,Writing
3bde3fc9.wav,Male_speech_and_man_speaking
3c0fb161.wav,Bass_drum
3c13f5cd.wav,"Bark,Cricket,Buzz"
3c27b7f8.wav,Drawer_open_or_close
3c3dc6b1.wav,Yell
3c466c35.wav,Hi-hat
3c481290.wav,Buzz
3c49ad93.wav,Child_speech_and_kid_speaking
3c4cc19c.wav,Mechanical_fan
3c4f5649.wav,Female_singing
3c4f8838.wav,"Drip,Sink_(filling_or_washing)"
3c5650d0.wav,Male_singing
3c58929e.wav,Male_speech_and_man_speaking
3c65185e.wav,Toilet_flush
3c6e926f.wav,Female_singing
3c7634d6.wav,"Electric_guitar,Bass_guitar"
3c77bf5a.wav,Child_speech_and_kid_speaking
3c7b4aaa.wav,Sneeze
3c80e3c8.wav,Chewing_and_mastication
3caae121.wav,Gong
3cba10bc.wav,Run
3cdb1157.wav,"Sink_(filling_or_washing),Water_tap_and_faucet"
3ce0ce88.wav,Printer
3ce6cc14.wav,Stream
3d08064e.wav,Male_singing
3d1b2f47.wav,Skateboard
3d1bb887.wav,Female_singing
3d20b39e.wav,Writing
3d3a1c62.wav,Burping_and_eructation
3d43b112.wav,Skateboard
3d507c08.wav,Mechanical_fan
3d61d9f7.wav,Traffic_noise_and_roadway_noise
3d8da97d.wav,Hiss
3d940eb3.wav,Bass_drum
3da4166f.wav,Car_passing_by
3da80f0f.wav,Crowd
3dc0832c.wav,Skateboard
3dc90501.wav,Chink_and_clink
3dd4bc95.wav,"Meow,Purr"
3dde2b0f.wav,Hiss
3de5d57e.wav,Male_speech_and_man_speaking
3e1ad3bf.wav,Squeak
3e24177a.wav,Microwave_oven
3e405d2e.wav,"Raindrop,Drip,Water_tap_and_faucet"
3e46ed60.wav,Church_bell
3e4f3830.wav,Tick-tock
3e57adac.wav,Squeak
3e5960be.wav,Female_speech_and_woman_speaking
3e5a4299.wav,"Shatter,Chink_and_clink"
3e5f51da.wav,Buzz
3e7ce94d.wav,Burping_and_eructation
3e81e88f.wav,Yell
3ea8aa02.wav,Gong
3ea9115c.wav,"Tap,Dishes_and_pots_and_pans"
3ec4b96e.wav,Buzz
3ec7ee97.wav,Marimba_and_xylophone
3ed11238.wav,Meow
3ed445a9.wav,"Applause,Cheering"
3ede79fd.wav,Car_passing_by
3eedcd21.wav,Drawer_open_or_close
3ef9c96c.wav,"Applause,Cheering,Clapping"
3efd8162.wav,Skateboard
3f02bd43.wav,Writing
3f07bf09.wav,Cricket
3f182c1a.wav,Stream
3f32d7cb.wav,Printer
3f33b300.wav,Microwave_oven
3f4475e2.wav,Stream
3f5178d0.wav,Computer_keyboard
3f53058e.wav,"Acoustic_guitar,Strum"
3f67f9f3.wav,Knock
3f7d5cae.wav,Bark
3f94b21f.wav,Bass_guitar
3fbc6316.wav,Stream
3fc99b73.wav,Bass_drum
3fca0e1c.wav,Crackle
3fcb1ffc.wav,"Female_singing,Male_singing"
3fe00271.wav,"Race_car_and_auto_racing,Accelerating_and_revving_and_vroom"
3fec15a0.wav,Zipper_(clothing)
3ff8b27b.wav,Gong
4007179f.wav,Bass_guitar
4012be67.wav,Bark
401f669f.wav,Microwave_oven
4026a563.wav,Fart
4032ef77.wav,Accelerating_and_revving_and_vroom
403b8889.wav,Buzz
406ab1e3.wav,Scissors
406c96bf.wav,Toilet_flush
40724389.wav,Bass_guitar
407b5e3e.wav,Accordion
408dfb58.wav,Zipper_(clothing)
4093520e.wav,Female_speech_and_woman_speaking
4095adee.wav,Bass_drum
40988301.wav,Waves_and_surf
409ba0bc.wav,"Cutlery_and_silverware,Dishes_and_pots_and_pans,Chink_and_clink"
409ec2a0.wav,Waves_and_surf
40aad8ac.wav,Burping_and_eructation
40b23707.wav,Writing
40d7ed05.wav,Bass_guitar
40d9de68.wav,Bicycle_bell
40dc6281.wav,Male_speech_and_man_speaking
40f0736f.wav,Stream
40f18695.wav,"Female_speech_and_woman_speaking,Whispering"
410606c4.wav,Car_passing_by
411e6280.wav,Harmonica
41249a54.wav,Bark
412c28dd.wav,Hi-hat
4135043f.wav,"Traffic_noise_and_roadway_noise,Bus"
4170112a.wav,Bark
4192f983.wav,Drawer_open_or_close
4196347d.wav,Microwave_oven
41a1020e.wav,Shatter
41b8b3d8.wav,Printer
41c7e36e.wav,Drawer_open_or_close
41d11012.wav,Female_speech_and_woman_speaking
41d42589.wav,Zipper_(clothing)
41f64168.wav,"Dishes_and_pots_and_pans,Chink_and_clink"
4202d212.wav,Computer_keyboard
42126f20.wav,Church_bell
421e57fa.wav,Screaming
42331de0.wav,Chirp_and_tweet
423368de.wav,Burping_and_eructation
423ae14c.wav,Microwave_oven
4240b35e.wav,Bass_guitar
4262fa88.wav,Church_bell
426cb55c.wav,Accelerating_and_revving_and_vroom
4287c036.wav,Car_passing_by
42b54c74.wav,Child_speech_and_kid_speaking
42bafdf4.wav,"Sink_(filling_or_washing),Water_tap_and_faucet"
42d9173e.wav,Zipper_(clothing)
42e1e2b4.wav,Sneeze
42e61cab.wav,Waves_and_surf
42f15be9.wav,Chirp_and_tweet
42f22ad2.wav,Shatter
431be598.wav,Sneeze
43348c06.wav,Buzz
4336a42b.wav,Gurgling
435bfe52.wav,Yell
43622fd7.wav,Buzz
43710f80.wav,Tap
43788b3b.wav,Stream
438d1e41.wav,Male_speech_and_man_speaking
43a5d797.wav,Crackle
43a5f024.wav,Gurgling
43b7062e.wav,Waves_and_surf
43ca99e6.wav,Female_singing
43f0ab46.wav,Burping_and_eructation
43f6155d.wav,Motorcycle
43fe64ab.wav,Tick-tock
440c6f21.wav,Bass_drum
442d4560.wav,"Acoustic_guitar,Strum"
443181fc.wav,"Dishes_and_pots_and_pans,Chink_and_clink"
4432449b.wav,Tap
44380267.wav,Car_passing_by
4446b92a.wav,Gong
444d8364.wav,Sigh
445d2862.wav,Fart
44653a74.wav,Gurgling
447197d1.wav,Bicycle_bell
447ffb00.wav,Burping_and_eructation
448b56e8.wav,Screaming
449ad514.wav,Drip
449f323b.wav,Bathtub_(filling_or_washing)
449ffcab.wav,"Crowd,Gasp"
44bf2a5d.wav,Accelerating_and_revving_and_vroom
44d25172.wav,"Race_car_and_auto_racing,Accelerating_and_revving_and_vroom"
44d5a05e.wav,Bass_drum
44d6656a.wav,Knock
44d798d0.wav,Hi-hat
45003415.wav,Cupboard_open_or_close
45056114.wav,Accordion
45073f5f.wav,Waves_and_surf
4530246e.wav,Church_bell
454b1b29.wav,Buzz
455e896e.wav,Screaming
45653d4f.wav,Skateboard
4566ad00.wav,Meow
4576c315.wav,Motorcycle
458f751a.wav,Crackle
45940fd0.wav,Keys_jangling
45a8cdc3.wav,Female_speech_and_woman_speaking
45a8ea88.wav,"Raindrop,Drip"
45ac26b1.wav,Traffic_noise_and_roadway_noise
45c5bfbe.wav,Toilet_flush
45cdfc47.wav,Shatter
45d213a0.wav,Clapping
45d9ce3c.wav,Gurgling
45e2928a.wav,Cupboard_open_or_close
45e821c3.wav,Meow
45f1cd5b.wav,Sneeze
45f302f7.wav,"Race_car_and_auto_racing,Accelerating_and_revving_and_vroom"
46035173.wav,Meow
4607d472.wav,Male_speech_and_man_speaking
46179365.wav,Zipper_(clothing)
46193f19.wav,Knock
461b33a4.wav,Slam
461d7262.wav,Chewing_and_mastication
46210c26.wav,Electric_guitar
463a601a.wav,Bicycle_bell
464e1dad.wav,Shatter
466f4605.wav,"Dishes_and_pots_and_pans,Chink_and_clink"
4670113d.wav,Whispering
467aa648.wav,Race_car_and_auto_racing
468106f3.wav,Bark
469042cc.wav,Waves_and_surf
46947c9b.wav,Crackle
46960f43.wav,Car_passing_by
46a4473e.wav,Shatter
46a4ca3f.wav,Fart
46ac62ce.wav,Sigh
46b9659b.wav,Chirp_and_tweet
46bd52a4.wav,Keys_jangling
46bf7215.wav,Slam
46c1b34c.wav,Buzz
46c4f54d.wav,Squeak
46dc70fc.wav,Zipper_(clothing)
46ebba19.wav,Gasp
4700fa6c.wav,"Dishes_and_pots_and_pans,Chink_and_clink"
47090d8c.wav,Bass_drum
4710de6a.wav,Stream
47147bc4.wav,Hiss
47297c3b.wav,Harmonica
4737e033.wav,Hi-hat
4738a197.wav,"Acoustic_guitar,Strum"
473c5fde.wav,Mechanical_fan
4747e898.wav,Whispering
474c7b25.wav,Knock
475eccb4.wav,Walk_and_footsteps
47626b7a.wav,Frying_(food)
4771c0af.wav,"Sink_(filling_or_washing),Water_tap_and_faucet"
4776db7d.wav,Finger_snapping
477abc09.wav,Harmonica
47810954.wav,Accordion
478d303a.wav,Chink_and_clink
47af9383.wav,Walk_and_footsteps
47b3a2d0.wav,Knock
47b76d15.wav,Keys_jangling
47bd4d53.wav,Buzz
47e60324.wav,Buzz
4806feed.wav,Hiss
481a32f7.wav,Whispering
48257207.wav,Electric_guitar
4829457c.wav,Toilet_flush
483f30a8.wav,Gasp
4855ea7d.wav,Shatter
485d515d.wav,Church_bell
487d9658.wav,Race_car_and_auto_racing
488b6852.wav,Burping_and_eructation
489db4e9.wav,Bark
48a1d811.wav,Trickle_and_dribble
48ccc9b9.wav,Cupboard_open_or_close
48d0b56d.wav,Microwave_oven
48d4d18c.wav,Gong
48d8ca20.wav,Skateboard
48dcaf11.wav,Waves_and_surf
4900f1e4.wav,Run
490d8160.wav,Scissors
4928222b.wav,Screaming
492c192f.wav,"Applause,Cheering"
4948d663.wav,Toilet_flush
4960a784.wav,"Acoustic_guitar,Strum"
4961dbc0.wav,Sneeze
4967eed1.wav,Tap
4976177e.wav,"Electric_guitar,Bass_guitar"
497f13f0.wav,Gong
499c95f6.wav,Finger_snapping
499eb4e5.wav,Keys_jangling
49a9d143.wav,Marimba_and_xylophone
49b4ca41.wav,Frying_(food)
49c38d3f.wav,Bus
49c859d9.wav,Gong
49cb6b39.wav,Slam
49cc7d13.wav,Zipper_(clothing)
49ce52b1.wav,Harmonica
49d01b70.wav,Cricket
49e79860.wav,Traffic_noise_and_roadway_noise
49ef32d9.wav,Male_singing
4a19253c.wav,"Applause,Crowd,Cheering"
4a37b4da.wav,Shatter
4a43ed72.wav,Accelerating_and_revving_and_vroom
4a55d623.wav,Waves_and_surf
4a661ee3.wav,Knock
4a6627f7.wav,Motorcycle
4a670d7b.wav,Writing
4a91e870.wav,Car_passing_by
4ab4d5dc.wav,Motorcycle
4ac27da4.wav,Sneeze
4addd0bc.wav,Accelerating_and_revving_and_vroom
4aeb725a.wav,Shatter
4aebfe38.wav,Female_singing
4af81d1e.wav,Purr
4b027259.wav,Trickle_and_dribble
4b0f609c.wav,Whispering
4b28bfc6.wav,Traffic_noise_and_roadway_noise
4b37d584.wav,Meow
4b3c7b89.wav,Writing
4b481849.wav,"Applause,Cheering"
4b5d4bc7.wav,Skateboard
4b782e2e.wav,Keys_jangling
4b82998e.wav,Car_passing_by
4b8a7ff0.wav,Bicycle_bell
4b9c1780.wav,Toilet_flush
4ba172e3.wav,Frying_(food)
4ba950d2.wav,Raindrop
4bc5780a.wav,Motorcycle
4bcb0d99.wav,Race_car_and_auto_racing
4bd087aa.wav,"Bathtub_(filling_or_washing),Water_tap_and_faucet"
4bd7e10c.wav,Male_speech_and_man_speaking
4bd94899.wav,Burping_and_eructation
4bdc7972.wav,Buzz
4be092c8.wav,Bark
4be944e5.wav,Harmonica
4bed3bf0.wav,Squeak
4bf171d7.wav,Cutlery_and_silverware
4bf343c2.wav,Accordion
4bf370a8.wav,Yell
4c203503.wav,Printer
4c28885e.wav,Knock
4c333ba9.wav,"Drip,Sink_(filling_or_washing),Water_tap_and_faucet"
4c34b491.wav,Harmonica
4c496dff.wav,"Acoustic_guitar,Strum"
4c60a207.wav,Toilet_flush
4c62aeb4.wav,Meow
4c6f231e.wav,Chewing_and_mastication
4c7c0cb1.wav,Cricket
4c7e2b12.wav,Accordion
4c8b7ac2.wav,Tick-tock
4c9be9e8.wav,Crowd
4c9da128.wav,Keys_jangling
4cc90f4a.wav,Race_car_and_auto_racing
4d0303ee.wav,Frying_(food)
4d059a76.wav,Female_singing
4d12f731.wav,Fill_(with_liquid)
4d135390.wav,Bark
4d2a5efe.wav,Accelerating_and_revving_and_vroom
4d3dd409.wav,Printer
4d446817.wav,Gasp
4d446a5e.wav,Gong
4d4530eb.wav,"Squeak,Slam"
4d5661e9.wav,Gong
4d82862d.wav,Church_bell
4d8814af.wav,Bass_guitar
4d9b6328.wav,Bass_drum
4dc347ca.wav,Squeak
4dce77b0.wav,Car_passing_by
4dd23225.wav,"Slam,Microwave_oven"
4de932d0.wav,"Male_speech_and_man_speaking,Female_speech_and_woman_speaking"
4e07b784.wav,Toilet_flush
4e1002e6.wav,Hi-hat
4e14f81a.wav,Walk_and_footsteps
4e1a4f8f.wav,Frying_(food)
4e353d75.wav,"Dishes_and_pots_and_pans,Chink_and_clink"
4e39f39e.wav,Screaming
4e3ca032.wav,Chewing_and_mastication
4e5c0a8a.wav,Bark
4e632322.wav,Gasp
4e667593.wav,Bathtub_(filling_or_washing)
4e6947b6.wav,Traffic_noise_and_roadway_noise
4e69ab99.wav,"Walk_and_footsteps,Traffic_noise_and_roadway_noise"
4e6e8074.wav,Buzz
4e7960cf.wav,"Sink_(filling_or_washing),Water_tap_and_faucet"
4e83f40d.wav,Hi-hat
4e840f58.wav,"Squeak,Slam"
4e892ec0.wav,Writing
4e9a4d1a.wav,"Cutlery_and_silverware,Dishes_and_pots_and_pans"
4eaf1d4c.wav,"Male_speech_and_man_speaking,Walk_and_footsteps"
4eb88ee8.wav,Electric_guitar
4ec897da.wav,Cupboard_open_or_close
4ee3e6ad.wav,Bus
4f222c8b.wav,Keys_jangling
4f238bc1.wav,Whispering
4f246773.wav,Zipper_(clothing)
4f27b418.wav,"Sink_(filling_or_washing),Water_tap_and_faucet"
4f41dadf.wav,Squeak
4f433323.wav,Bass_guitar
4f52ef6a.wav,Bus
4f58089f.wav,Skateboard
4f5962fc.wav,Clapping
4f812cd1.wav,Fill_(with_liquid)
4f85a571.wav,Buzz
4f91f8ca.wav,Printer
4f9b91bc.wav,Glockenspiel
4f9f40f8.wav,Printer
4fa029ee.wav,Mechanical_fan
4fab412c.wav,Toilet_flush
4fae498c.wav,Zipper_(clothing)
4fb49e4f.wav,"Sink_(filling_or_washing),Water_tap_and_faucet"
4fbc1fca.wav,Harmonica
4fbd90c3.wav,Finger_snapping
4fc8bb69.wav,Traffic_noise_and_roadway_noise
4fd7ce5c.wav,Chink_and_clink
4fe9fa2b.wav,"Bathtub_(filling_or_washing),Water_tap_and_faucet"
4fec703c.wav,Child_speech_and_kid_speaking
4fed7f9e.wav,Buzz
50157b7a.wav,"Acoustic_guitar,Strum"
50230569.wav,Shatter
50242b6c.wav,"Knock,Dishes_and_pots_and_pans"
502ed0f4.wav,Crackle
50376d84.wav,Shatter
50504e3e.wav,Sneeze
5050c839.wav,"Squeak,Walk_and_footsteps"
5051d90c.wav,Bathtub_(filling_or_washing)
50751597.wav,Yell
509cc9fe.wav,Printer
50a62cac.wav,Gasp
50bd2a38.wav,Scissors
50c08f31.wav,"Dishes_and_pots_and_pans,Chink_and_clink"
50d1c179.wav,Keys_jangling
50e4f6b1.wav,Knock
50ebc0a7.wav,Harmonica
50edcb49.wav,Chewing_and_mastication
50ee09a3.wav,Bass_drum
50f330d7.wav,Slam
50fa6fbd.wav,Printer
5106d3ad.wav,Cricket
510d8c9c.wav,Zipper_(clothing)
5114b145.wav,Bark
512a5cb4.wav,Chewing_and_mastication
51362f18.wav,Sneeze
51521cb2.wav,Run
51632f40.wav,Fart
516772e1.wav,Purr
516e4d1d.wav,"Applause,Crowd,Cheering"
517e54ac.wav,Crackle
5186a3ed.wav,Traffic_noise_and_roadway_noise
5195d220.wav,Burping_and_eructation
51b971d1.wav,"Squeak,Slam"
51cd35c1.wav,Bicycle_bell
51d4c717.wav,Slam
51d64b91.wav,Motorcycle
51ee8a25.wav,Marimba_and_xylophone
5204075e.wav,Clapping
52233a63.wav,Drawer_open_or_close
522998bf.wav,Bark
522fc8f0.wav,Tick-tock
5238acfc.wav,Zipper_(clothing)
523b300a.wav,Motorcycle
525388e8.wav,Car_passing_by
525a40ce.wav,Tap
526f2fc9.wav,Purr
52731572.wav,Gasp
52745c1b.wav,"Cutlery_and_silverware,Sink_(filling_or_washing)"
527aa9cd.wav,Female_speech_and_woman_speaking
528557c7.wav,"Drip,Sink_(filling_or_washing),Water_tap_and_faucet"
528948cd.wav,Tick-tock
528fe419.wav,Motorcycle
5290de2f.wav,Frying_(food)
52a025b9.wav,Bark
52a3ad70.wav,Bark
52aaac40.wav,Stream
52ba8f41.wav,Electric_guitar
52c42a5c.wav,Computer_keyboard
52c70e44.wav,Cupboard_open_or_close
52cb8094.wav,Tick-tock
52cc0185.wav,Walk_and_footsteps
52d2cd65.wav,Burping_and_eructation
52d661d6.wav,Frying_(food)
52d8b4a5.wav,Bathtub_(filling_or_washing)
52e339ae.wav,"Squeak,Cupboard_open_or_close"
52f02500.wav,"Female_speech_and_woman_speaking,Whispering"
52f16a3c.wav,Fart
5303621f.wav,Yell
530e86d7.wav,Shatter
53158933.wav,"Run,Slam"
5317a0bb.wav,"Trickle_and_dribble,Sink_(filling_or_washing)"
53349314.wav,Whispering
53387714.wav,Frying_(food)
53710264.wav,Motorcycle
53767081.wav,Writing
5376d249.wav,Computer_keyboard
5382bbaa.wav,Shatter
53a43c64.wav,Sigh
53aa8182.wav,Keys_jangling
53b21e8d.wav,Trickle_and_dribble
53b43ba1.wav,"Squeak,Cupboard_open_or_close"
53c1ffa2.wav,Child_speech_and_kid_speaking
53d34fee.wav,Writing
53f7d16f.wav,Run
54073d7e.wav,"Male_speech_and_man_speaking,Yell"
5435ddab.wav,Scissors
544c3561.wav,Accelerating_and_revving_and_vroom
5456ed4e.wav,Bass_drum
54649c0f.wav,Chewing_and_mastication
5472ffce.wav,Bicycle_bell
547f257e.wav,Computer_keyboard
547f47a9.wav,Writing
5485edab.wav,Race_car_and_auto_racing
54940c5c.wav,"Acoustic_guitar,Strum"
549f3e73.wav,Zipper_(clothing)
54ae9908.wav,Gurgling
54b4f7db.wav,Female_singing
54bb2af9.wav,Whispering
54bcb7f7.wav,Tap
54bd3b82.wav,Chirp_and_tweet
54e06560.wav,Microwave_oven
54e1f787.wav,Trickle_and_dribble
54e77e66.wav,Fill_(with_liquid)
54e90ec9.wav,Walk_and_footsteps
54f89509.wav,Sigh
54fc69c6.wav,Scissors
550535a5.wav,Microwave_oven
5509cd14.wav,Purr
551f1d29.wav,"Raindrop,Drip"
5528a1e5.wav,Fart
5536fcb3.wav,Tap
55491b59.wav,Burping_and_eructation
554a04a4.wav,Burping_and_eructation
554b49a5.wav,Zipper_(clothing)
555fff91.wav,Chink_and_clink
556fe013.wav,Stream
5587fc83.wav,Finger_snapping
55a6dad9.wav,Mechanical_fan
55caac26.wav,Printer
55cf17c7.wav,Child_speech_and_kid_speaking
55d243cc.wav,Car_passing_by
55da1040.wav,Electric_guitar
55dbe2e7.wav,Printer
55f0a22f.wav,Tap
55f2d9a8.wav,Toilet_flush
55f55b6d.wav,Fart
5602171b.wav,Keys_jangling
5602e4d6.wav,Waves_and_surf
5609f1f6.wav,Sneeze
56214717.wav,Tick-tock
563ac791.wav,Bass_drum
56532cff.wav,Computer_keyboard
56544577.wav,Sneeze
566038b4.wav,Yell
5665dbd8.wav,Bicycle_bell
567cfc15.wav,Scissors
5682234e.wav,Car_passing_by
568ec80f.wav,Drawer_open_or_close
56940ad5.wav,Crackle
56b36212.wav,Church_bell
56c78c5d.wav,"Female_speech_and_woman_speaking,Yell"
56e338d3.wav,Clapping
56e61516.wav,"Crowd,Bus"
56e716f8.wav,Computer_keyboard
56e9d181.wav,Bass_drum
57019cb1.wav,Male_singing
5725ab80.wav,Chewing_and_mastication
572989f7.wav,Tick-tock
572ff416.wav,Crackle
5748434e.wav,Gong
576f3a74.wav,"Race_car_and_auto_racing,Accelerating_and_revving_and_vroom"
57a18a0b.wav,Chirp_and_tweet
57baedce.wav,Electric_guitar
57c9f3b0.wav,Tick-tock
57cc005f.wav,Mechanical_fan
57d57a75.wav,Sigh
57dab015.wav,Cutlery_and_silverware
57f10026.wav,Harmonica
57f5f21b.wav,Gong
581d93b7.wav,"Sink_(filling_or_washing),Water_tap_and_faucet"
584141ac.wav,"Motorcycle,Accelerating_and_revving_and_vroom"
584b9a32.wav,Gong
585e2dec.wav,Electric_guitar
5860e30b.wav,"Male_speech_and_man_speaking,Male_singing"
586ab251.wav,"Applause,Cheering"
5881ff0a.wav,Shatter
58a53fec.wav,Walk_and_footsteps
58ac4f8c.wav,Run
58b163b6.wav,Harmonica
58b5d8d7.wav,"Female_speech_and_woman_speaking,Walk_and_footsteps"
58b6578f.wav,Buzz
58ced173.wav,Child_speech_and_kid_speaking
58d42522.wav,Child_speech_and_kid_speaking
58d5fa30.wav,"Male_speech_and_man_speaking,Whispering"
58e9f40c.wav,Toilet_flush
58f7d6cc.wav,Gong
59036a5b.wav,Female_speech_and_woman_speaking
59099afd.wav,Purr
592af622.wav,Frying_(food)
5932a7f7.wav,Whispering
59379e4e.wav,Bus
596bc9ec.wav,"Sink_(filling_or_washing),Gurgling"
59757211.wav,Male_speech_and_man_speaking
5983be45.wav,Car_passing_by
59c1c3f6.wav,"Raindrop,Drip"
59c32009.wav,Harmonica
59ca05d6.wav,Waves_and_surf
59ed84a3.wav,"Meow,Purr"
59ef6c14.wav,Bathtub_(filling_or_washing)
59f7b3eb.wav,Scissors
59fc1d0d.wav,"Toilet_flush,Gurgling"
5a0946cf.wav,Motorcycle
5a15ad24.wav,Knock
5a1cfa97.wav,Toilet_flush
5a27e30c.wav,"Hi-hat,Bass_drum"
5a322fcc.wav,Waves_and_surf
5a46a650.wav,Whispering
5a988850.wav,Motorcycle
5aad2d25.wav,Hiss
5ab2d233.wav,Knock
5ab3c808.wav,Tap
5ab41071.wav,Church_bell
5abf01f9.wav,Male_speech_and_man_speaking
5ac273b5.wav,Buzz
5ac84462.wav,Cutlery_and_silverware
5ae5198b.wav,Gong
5af63c38.wav,Male_speech_and_man_speaking
5af7b603.wav,Cupboard_open_or_close
5b13b2e1.wav,Fart
5b1705f8.wav,Printer
5b19467f.wav,Frying_(food)
5b4265d9.wav,Shatter
5b43a04d.wav,Marimba_and_xylophone
5b447eb9.wav,Cricket
5b4da88e.wav,Sigh
5b63cfce.wav,Finger_snapping
5b70304f.wav,Waves_and_surf
5b778623.wav,Fill_(with_liquid)
5b7a85f5.wav,Waves_and_surf
5b90d1c1.wav,Child_speech_and_kid_speaking
5ba66229.wav,Car_passing_by
5bb762b0.wav,Chirp_and_tweet
5bb96d8b.wav,Hiss
5bd15a05.wav,Waves_and_surf
5bd2fd70.wav,Gong
5bde3e22.wav,Shatter
5c04107c.wav,Motorcycle
5c0dfcb6.wav,Keys_jangling
5c15df78.wav,Female_singing
5c2cbdca.wav,"Slam,Microwave_oven"
5c33e2e9.wav,Keys_jangling
5c35f4ad.wav,"Applause,Crowd,Cheering"
5c3a13e0.wav,Scissors
5c3ef8f8.wav,Cricket
5c458f3c.wav,Gurgling
5c4778cd.wav,Gong
5c493bd7.wav,Bathtub_(filling_or_washing)
5c4f014a.wav,Hiss
5c5fa0a2.wav,Stream
5c6f6103.wav,Finger_snapping
5c85b0ab.wav,"Bark,Walk_and_footsteps"
5c953f26.wav,Gasp
5c98dcfa.wav,Gong
5cb3912f.wav,Bathtub_(filling_or_washing)
5cc82074.wav,Run
5ce5a323.wav,Fart
5cec0017.wav,Harmonica
5cf3f9f2.wav,Marimba_and_xylophone
5cf80754.wav,Male_singing
5d04ea66.wav,Scissors
5d0ba033.wav,"Electric_guitar,Bass_guitar"
5d0cef86.wav,Tap
5d241285.wav,Cutlery_and_silverware
5d2837aa.wav,Electric_guitar
5d2b5ba3.wav,Raindrop
5d33d362.wav,Cutlery_and_silverware
5d3973b5.wav,Zipper_(clothing)
5d415674.wav,Frying_(food)
5d506354.wav,Cricket
5d5a668d.wav,Bark
5d7ed2e3.wav,Glockenspiel
5d81c701.wav,Hi-hat
5d98819d.wav,Zipper_(clothing)
5d9f70e4.wav,Screaming
5da0f5ad.wav,Computer_keyboard
5dba01d9.wav,Marimba_and_xylophone
5dbfed11.wav,Shatter
5dff45c9.wav,Hi-hat
5e049163.wav,Walk_and_footsteps
5e05bc48.wav,Drawer_open_or_close
5e10db7f.wav,Knock
5e128745.wav,Frying_(food)
5e39f3fa.wav,Slam
5e3ec373.wav,Traffic_noise_and_roadway_noise
5e54b37b.wav,Female_singing
5e622db6.wav,Cupboard_open_or_close
5e6fce72.wav,Run
5e843f98.wav,Whispering
5ea0c1b3.wav,"Applause,Cheering"
5ea6937f.wav,Gurgling
5eb7b6c0.wav,Bass_guitar
5ebf52f2.wav,Writing
5ec6f01a.wav,Cupboard_open_or_close
5ed2d80b.wav,Tick-tock
5ef3d187.wav,Tick-tock
5ef71aad.wav,Keys_jangling
5f0840f5.wav,Stream
5f0afa96.wav,Purr
5f1a0bee.wav,Tick-tock
5f31ab9b.wav,Motorcycle
5f34c9b0.wav,Mechanical_fan
5f45d81d.wav,Bass_drum
5f4d6a90.wav,Screaming
5f5a35f8.wav,Keys_jangling
5f686ed8.wav,Hiss
5f75d282.wav,Screaming
5f88e397.wav,Burping_and_eructation
5f89060b.wav,Crackle
5f8f2f10.wav,Tap
5f9880ca.wav,Bus
5f9e42a3.wav,Gong
5f9f2946.wav,Chewing_and_mastication
5fa6a05e.wav,Fart
5fb632cf.wav,Female_singing
5fbb9e64.wav,Purr
5fca5cd5.wav,Tick-tock
5fd4a297.wav,Marimba_and_xylophone
5fe5138b.wav,"Acoustic_guitar,Strum"
5ff3efaf.wav,Bicycle_bell
60004a1f.wav,Male_speech_and_man_speaking
6014f41c.wav,Glockenspiel
603683fa.wav,Gurgling
603c0437.wav,Fart
604fd110.wav,Walk_and_footsteps
6064a8a0.wav,Bark
606684ff.wav,Cutlery_and_silverware
60699689.wav,"Car_passing_by,Traffic_noise_and_roadway_noise"
60751dc8.wav,Hi-hat
607911f2.wav,Drawer_open_or_close
60834110.wav,Burping_and_eructation
6089ad00.wav,Purr
608e6f9d.wav,Keys_jangling
6094279b.wav,"Squeak,Dishes_and_pots_and_pans,Trickle_and_dribble"
60a12c09.wav,Toilet_flush
60a4cafd.wav,Keys_jangling
60a5ac11.wav,Keys_jangling
60a851e6.wav,Cricket
60b984e4.wav,Fart
60be428e.wav,Printer
60d3bf6c.wav,Waves_and_surf
60d552cb.wav,Mechanical_fan
60d76bd6.wav,Microwave_oven
60d8c5e8.wav,Gasp
60dcacfc.wav,Burping_and_eructation
60e9aa7c.wav,Traffic_noise_and_roadway_noise
60f58f61.wav,Chirp_and_tweet
60fcfd63.wav,Buzz
611dc08c.wav,Gasp
611e2466.wav,Squeak
6120c692.wav,Fart
6130c063.wav,Purr
615165ba.wav,Tap
61571f5f.wav,"Trickle_and_dribble,Sink_(filling_or_washing)"
61607bc7.wav,Glockenspiel
61679754.wav,Waves_and_surf
618acb54.wav,"Sink_(filling_or_washing),Water_tap_and_faucet"
618d195f.wav,Hi-hat
6190a2c2.wav,Hiss
619e3de6.wav,Knock
61a47396.wav,Chink_and_clink
61ac8227.wav,Child_speech_and_kid_speaking
61b1d834.wav,Bathtub_(filling_or_washing)
61b32aeb.wav,Drawer_open_or_close
61e3edcc.wav,Motorcycle
61fd680c.wav,Car_passing_by
62342f83.wav,Stream
623dec43.wav,Run
624bc225.wav,Squeak
62562681.wav,Accelerating_and_revving_and_vroom
62590fc7.wav,Male_singing
626e9906.wav,Toilet_flush
627e72eb.wav,Waves_and_surf
627e865a.wav,Motorcycle
628088e3.wav,Female_singing
62896503.wav,Walk_and_footsteps
628a555b.wav,Bass_guitar
628f8b3f.wav,Gurgling
62ab94c7.wav,Electric_guitar
62add2ca.wav,Gasp
62cb83e5.wav,Chirp_and_tweet
62cdd198.wav,Tick-tock
62d62969.wav,"Walk_and_footsteps,Waves_and_surf"
62d834f8.wav,Glockenspiel
62db59bd.wav,Electric_guitar
62db97c2.wav,Electric_guitar
62defd0f.wav,Shatter
62e6ebd5.wav,Bathtub_(filling_or_washing)
62f02c14.wav,Church_bell
62f1ae51.wav,Slam
62fa1360.wav,Crackle
630158b6.wav,Yell
63239644.wav,"Female_speech_and_woman_speaking,Yell"
6340b6d0.wav,"Female_speech_and_woman_speaking,Yell"
634ad046.wav,Motorcycle
63502f19.wav,Bark
636430b9.wav,Frying_(food)
637a5e85.wav,Scissors
6382b711.wav,Glockenspiel
63a6481d.wav,"Race_car_and_auto_racing,Accelerating_and_revving_and_vroom"
63a6891c.wav,Stream
63aac61e.wav,Accelerating_and_revving_and_vroom
63aecdfb.wav,Church_bell
63b4c21e.wav,Bicycle_bell
63d2ecc7.wav,Cricket
63efc31d.wav,"Squeak,Slam"
63f15f13.wav,Zipper_(clothing)
640b2ebd.wav,"Squeak,Slam"
641d8548.wav,"Applause,Crowd,Cheering"
6454762b.wav,Zipper_(clothing)
6459fc05.wav,Bicycle_bell
6466f0d2.wav,Clapping
64711410.wav,Cricket
6473d6f0.wav,Finger_snapping
647c8d67.wav,"Male_speech_and_man_speaking,Yell"
64a9f580.wav,"Acoustic_guitar,Strum"
64b414a5.wav,Sneeze
64b97fe6.wav,Chirp_and_tweet
64d985e4.wav,Buzz
64dbaa9c.wav,Harmonica
64dbacee.wav,Male_singing
64de7473.wav,Gasp
64e9ab3f.wav,Car_passing_by
64ea2312.wav,Glockenspiel
64f1443e.wav,Tap
64f20075.wav,Waves_and_surf
64f50c86.wav,Accelerating_and_revving_and_vroom
64fb2d68.wav,Motorcycle
653572f3.wav,Bus
6536cbb0.wav,Child_speech_and_kid_speaking
653850f6.wav,Cupboard_open_or_close
654f603b.wav,Cricket
6552e9fb.wav,Gurgling
6554d636.wav,Gasp
6564cce8.wav,Harmonica
656f8157.wav,Zipper_(clothing)
65937aef.wav,"Raindrop,Drip"
65976e55.wav,Printer
6598d0e2.wav,Bass_guitar
659c93a4.wav,Scissors
659de947.wav,Writing
65ae1d2a.wav,Accordion
65ae847e.wav,Frying_(food)
65afa2d6.wav,Knock
65b07900.wav,Frying_(food)
65b4622d.wav,Scissors
65bc2fe0.wav,Microwave_oven
65e89ca1.wav,"Screaming,Yell"
65eb82d9.wav,Traffic_noise_and_roadway_noise
65f77fad.wav,Clapping
65f8237b.wav,Trickle_and_dribble
65fb1f83.wav,Knock
6608264c.wav,Gurgling
66239097.wav,Tap
662f453b.wav,Child_speech_and_kid_speaking
664ccfab.wav,Church_bell
66510004.wav,"Female_speech_and_woman_speaking,Yell"
6652984c.wav,Keys_jangling
6653d93a.wav,"Motorcycle,Traffic_noise_and_roadway_noise"
665970d3.wav,Car_passing_by
66771f12.wav,Gasp
667b05e7.wav,Buzz
66859d99.wav,Stream
6691b5f7.wav,Gurgling
6695d505.wav,Yell
669b3627.wav,Bass_guitar
66ce2aff.wav,Tap
66d135e0.wav,Drip
66e5eafb.wav,Male_singing
66edf972.wav,Hi-hat
670ff09d.wav,Mechanical_fan
67124738.wav,Run
671ec56c.wav,Male_speech_and_man_speaking
6721e921.wav,Skateboard
673acd6f.wav,Skateboard
67470583.wav,"Acoustic_guitar,Strum"
67552f1d.wav,Drawer_open_or_close
6755b057.wav,Chirp_and_tweet
6759a4b0.wav,Church_bell
676396b7.wav,Tap
67671144.wav,Motorcycle
67722d33.wav,Zipper_(clothing)
6779b435.wav,Female_singing
67834573.wav,Female_speech_and_woman_speaking
678c4ac0.wav,Glockenspiel
67aa7a83.wav,Zipper_(clothing)
67ac8636.wav,"Acoustic_guitar,Strum"
67acd878.wav,Chewing_and_mastication
67bde84c.wav,"Car_passing_by,Traffic_noise_and_roadway_noise"
67c4bcf4.wav,"Male_speech_and_man_speaking,Walk_and_footsteps"
67ce74f1.wav,Keys_jangling
67d3283b.wav,Gasp
67d4d66e.wav,Shatter
67e9ee13.wav,Gong
681411ca.wav,Tap
68168727.wav,Tick-tock
68173b78.wav,"Squeak,Slam"
68191f9f.wav,Motorcycle
68197846.wav,Raindrop
681da531.wav,Tick-tock
682e3b68.wav,Gurgling
6831d255.wav,Child_speech_and_kid_speaking
6849f63c.wav,Whispering
68594fa8.wav,Knock
685d5ea3.wav,Clapping
6862be13.wav,Screaming
686560d8.wav,"Female_speech_and_woman_speaking,Yell"
687acfda.wav,Writing
687b44f3.wav,Chirp_and_tweet
689fe63b.wav,"Acoustic_guitar,Strum"
68a177b6.wav,Trickle_and_dribble
68a26f3b.wav,Race_car_and_auto_racing
68a7c4e2.wav,Accordion
68a969ee.wav,Child_speech_and_kid_speaking
68ae26cd.wav,Male_speech_and_man_speaking
68b97991.wav,Accordion
68dbf3f8.wav,Hiss
68ec3b17.wav,"Squeak,Walk_and_footsteps"
68ee8176.wav,Tick-tock
68facda8.wav,Whispering
690b8f86.wav,Shatter
69298464.wav,Chewing_and_mastication
694b88a6.wav,Toilet_flush
694ce92e.wav,Cricket
69598c60.wav,"Meow,Purr"
696bd339.wav,Hiss
696d6da2.wav,Child_speech_and_kid_speaking
69701771.wav,Tick-tock
6977a02b.wav,Computer_keyboard
697a91ad.wav,Harmonica
69831d44.wav,Car_passing_by
69a7438b.wav,Child_speech_and_kid_speaking
69d889eb.wav,"Cutlery_and_silverware,Dishes_and_pots_and_pans"
69e4628d.wav,Sneeze
69ef0016.wav,Bass_guitar
69fa3fec.wav,Bus
6a0909c3.wav,Male_speech_and_man_speaking
6a0afa0b.wav,Microwave_oven
6a1f5561.wav,Bass_drum
6a1f682a.wav,Male_speech_and_man_speaking
6a2d86f3.wav,Clapping
6a30ddab.wav,Microwave_oven
6a30e390.wav,"Female_speech_and_woman_speaking,Yell"
6a457d0d.wav,Cupboard_open_or_close
6a4dc748.wav,Bass_guitar
6a51a85f.wav,Electric_guitar
6a8bb201.wav,"Cutlery_and_silverware,Drawer_open_or_close"
6a951376.wav,"Squeak,Slam"
6aa7887b.wav,Traffic_noise_and_roadway_noise
6abd24fe.wav,Female_singing
6ace289e.wav,Walk_and_footsteps
6ad68ce2.wav,Walk_and_footsteps
6af58976.wav,Bark
6b0cdb9b.wav,Writing
6b0da45b.wav,"Trickle_and_dribble,Water_tap_and_faucet"
6b255fb3.wav,"Raindrop,Drip"
6b27eb13.wav,Car_passing_by
6b2a6ab4.wav,Tap
6b4d65e7.wav,Bicycle_bell
6b532615.wav,Stream
6b65d2ad.wav,Cricket
6b761c00.wav,Marimba_and_xylophone
6b7a2db2.wav,Bass_drum
6b8344e5.wav,Cricket
6b8c5e71.wav,Sigh
6b90aa9c.wav,Fill_(with_liquid)
6b918df0.wav,Glockenspiel
6bcabbe7.wav,Slam
6bd2aa2d.wav,Car_passing_by
6be5422e.wav,Scissors
6bf2707e.wav,Bicycle_bell
6c0e4726.wav,"Cheering,Clapping"
6c11c797.wav,Bathtub_(filling_or_washing)
6c3157f4.wav,Gurgling
6c4dbc7a.wav,Fart
6c5db2da.wav,Glockenspiel
6c5e431f.wav,Raindrop
6c6a58fd.wav,Buzz
6c6c57f2.wav,Computer_keyboard
6c6e9c05.wav,Female_singing
6c710e00.wav,Bass_guitar
6c7cd0e0.wav,Accelerating_and_revving_and_vroom
6c8245bf.wav,Keys_jangling
6c8291d6.wav,Female_singing
6c93c107.wav,Clapping
6cadb51c.wav,Hiss
6cb29320.wav,Male_singing
6cc4f1ba.wav,Slam
6cd6aebf.wav,Hiss
6cdc799f.wav,"Acoustic_guitar,Strum"
6cdeab64.wav,Accelerating_and_revving_and_vroom
6cf1e04a.wav,Burping_and_eructation
6d14529e.wav,Computer_keyboard
6d1e22a9.wav,Whispering
6d37f225.wav,Bathtub_(filling_or_washing)
6d3d1420.wav,Bark
6d42953d.wav,"Motorcycle,Accelerating_and_revving_and_vroom"
6d72d2c8.wav,Fart
6d78a3a0.wav,Accordion
6d845f31.wav,Bass_drum
6d845f8f.wav,Male_singing
6d84e2da.wav,Chewing_and_mastication
6da76f09.wav,Fart
6dbe898f.wav,Keys_jangling
6dbe8bc9.wav,"Raindrop,Drip"
6dcd3bb0.wav,Bass_guitar
6dce42db.wav,"Cutlery_and_silverware,Dishes_and_pots_and_pans"
6df5a390.wav,Whispering
6df9cf74.wav,Chink_and_clink
6e0b43f0.wav,Mechanical_fan
6e13ea2a.wav,Electric_guitar
6e34209a.wav,"Cupboard_open_or_close,Drawer_open_or_close"
6e4b7de1.wav,Traffic_noise_and_roadway_noise
6e6f26bc.wav,Computer_keyboard
6e70e3cb.wav,Chirp_and_tweet
6e796194.wav,"Squeak,Clapping"
6e8de1b8.wav,"Acoustic_guitar,Strum"
6e8e78b8.wav,Screaming
6ea468a4.wav,Crackle
6eb38a1c.wav,Writing
6ebc91d7.wav,Meow
6f0f985e.wav,Chink_and_clink
6f178563.wav,Buzz
6f1c7916.wav,Screaming
6f234575.wav,Scissors
6f2f25e9.wav,Raindrop
6f413d0b.wav,Knock
6f415676.wav,"Race_car_and_auto_racing,Accelerating_and_revving_and_vroom"
6f47823f.wav,Meow
6f500b21.wav,Keys_jangling
6f66c346.wav,Slam
6f77b5ae.wav,"Female_speech_and_woman_speaking,Yell"
6f7b53a3.wav,"Cutlery_and_silverware,Dishes_and_pots_and_pans"
6f94bb11.wav,Tap
6fa75c1d.wav,"Sink_(filling_or_washing),Water_tap_and_faucet"
6fac21a9.wav,Female_speech_and_woman_speaking
6fac71b9.wav,Bicycle_bell
6fb7791f.wav,Knock
6fdbbd51.wav,Chewing_and_mastication
6fdc96d4.wav,Drawer_open_or_close
6ff154d2.wav,"Race_car_and_auto_racing,Accelerating_and_revving_and_vroom"
700b9f61.wav,Gurgling
702361ef.wav,Fill_(with_liquid)
702948cf.wav,Waves_and_surf
703d3cb9.wav,Run
7048c84b.wav,"Acoustic_guitar,Strum"
7061c153.wav,Screaming
70622014.wav,Harmonica
7065584b.wav,"Bathtub_(filling_or_washing),Sink_(filling_or_washing)"
706ffa7c.wav,Car_passing_by
707a0746.wav,Purr
707be2ae.wav,Zipper_(clothing)
7086c4ff.wav,Yell
70b130c6.wav,Finger_snapping
70b36390.wav,Clapping
70bd30b7.wav,Skateboard
70cce7be.wav,Bathtub_(filling_or_washing)
70cf4de7.wav,Zipper_(clothing)
70f240d9.wav,Bass_drum
70f2c33d.wav,Skateboard
71084c22.wav,Car_passing_by
710ec0fc.wav,Gasp
710f299e.wav,Traffic_noise_and_roadway_noise
7110e1a1.wav,Gasp
71282096.wav,Keys_jangling
714193e8.wav,Female_speech_and_woman_speaking
7142d0f3.wav,"Electric_guitar,Bass_guitar,Hi-hat,Bass_drum"
714a5eca.wav,Motorcycle
715be10c.wav,Traffic_noise_and_roadway_noise
715c01fa.wav,Chewing_and_mastication
715d12d2.wav,Knock
716f12a9.wav,Gurgling
7174e290.wav,Whispering
718922cf.wav,Sneeze
7193c680.wav,Tick-tock
71ba6662.wav,Chewing_and_mastication
71c976db.wav,Frying_(food)
71ecca4a.wav,"Applause,Crowd,Cheering"
71f35a02.wav,Harmonica
72315204.wav,"Screaming,Yell"
7236123a.wav,Knock
7236af93.wav,"Sink_(filling_or_washing),Water_tap_and_faucet"
72442560.wav,"Applause,Screaming,Crowd"
7271f564.wav,Whispering
7290783b.wav,Zipper_(clothing)
72909966.wav,Raindrop
729d5073.wav,"Frying_(food),Dishes_and_pots_and_pans"
72a4d214.wav,Bass_guitar
72ab7940.wav,Cupboard_open_or_close
72ad9021.wav,Tap
72b8e070.wav,"Car_passing_by,Traffic_noise_and_roadway_noise"
72cae286.wav,Cricket
72d19743.wav,Frying_(food)
72d8296e.wav,Writing
72db0f92.wav,Hiss
72f4da96.wav,Chirp_and_tweet
72f4fa2b.wav,Knock
72fa928a.wav,Scissors
7305ac89.wav,Female_singing
731bb609.wav,Tap
73308190.wav,Walk_and_footsteps
7337c74a.wav,Keys_jangling
733c6daa.wav,Scissors
73440c1f.wav,Printer
734f83b2.wav,Bark
7350958e.wav,Gong
735fe89e.wav,Scissors
736fc109.wav,Clapping
738d412a.wav,Whispering
739d791a.wav,Chirp_and_tweet
73e11cc4.wav,Bark
73f129a8.wav,Drawer_open_or_close
73f41837.wav,"Cutlery_and_silverware,Dishes_and_pots_and_pans"
73f59801.wav,Accordion
7415ff1b.wav,Sneeze
7419fde6.wav,Cupboard_open_or_close
741d20d8.wav,Church_bell
74254b2e.wav,Electric_guitar
7425d75e.wav,Gurgling
742ddd5b.wav,Burping_and_eructation
742ff782.wav,Run
74413d46.wav,Church_bell
744449d8.wav,Computer_keyboard
744bba42.wav,Sneeze
74541bc4.wav,Finger_snapping
74870b3c.wav,Meow
74985c18.wav,Sneeze
749a39f0.wav,"Cutlery_and_silverware,Drawer_open_or_close"
749e4cfc.wav,Shatter
74c3aa8a.wav,Hiss
74e58620.wav,Chirp_and_tweet
74eee838.wav,Stream
74ef3da6.wav,Female_singing
74fe8650.wav,Microwave_oven
750ad167.wav,Hiss
7511d79f.wav,Harmonica
7533287e.wav,Harmonica
754307e6.wav,Hi-hat
7554eee4.wav,Hi-hat
7589c133.wav,"Whispering,Acoustic_guitar"
758a93fc.wav,"Cutlery_and_silverware,Dishes_and_pots_and_pans"
759f14b7.wav,"Drip,Sink_(filling_or_washing),Water_tap_and_faucet"
759f60bf.wav,"Tap,Dishes_and_pots_and_pans"
75ba74db.wav,Car_passing_by
75bfdcae.wav,"Drip,Trickle_and_dribble"
75c81fe6.wav,Stream
75d85c4c.wav,"Car_passing_by,Traffic_noise_and_roadway_noise"
75e092b5.wav,Meow
76082955.wav,"Cricket,Waves_and_surf"
76353b45.wav,"Squeak,Dishes_and_pots_and_pans"
763d2655.wav,Buzz
764b5c87.wav,Tap
7654ee3e.wav,Scissors
765a95d3.wav,"Car_passing_by,Traffic_noise_and_roadway_noise"
766e8319.wav,Chewing_and_mastication
766f150f.wav,Child_speech_and_kid_speaking
76795e3e.wav,Computer_keyboard
76841420.wav,Whispering
76a91e03.wav,Church_bell
76ad78c3.wav,Printer
76b73017.wav,Burping_and_eructation
76bf1389.wav,Printer
76cb5441.wav,Female_singing
76d21a78.wav,Burping_and_eructation
76d32c4a.wav,Bicycle_bell
76daf232.wav,Drawer_open_or_close
76f87729.wav,Purr
771343bb.wav,Chink_and_clink
771f6c75.wav,Female_singing
7720cc18.wav,Male_speech_and_man_speaking
772c28cf.wav,"Female_singing,Male_singing"
772e59c8.wav,Burping_and_eructation
7730996a.wav,Female_speech_and_woman_speaking
773281e5.wav,"Applause,Crowd,Cheering"
774e2072.wav,Scissors
7752cc8a.wav,Male_speech_and_man_speaking
775336b3.wav,Computer_keyboard
7755e21b.wav,Keys_jangling
775a890a.wav,Zipper_(clothing)
775ecfc8.wav,Cutlery_and_silverware
775ef1b5.wav,Microwave_oven
7760d017.wav,"Sink_(filling_or_washing),Water_tap_and_faucet"
77669659.wav,Male_singing
776ff6f2.wav,Cricket
7775d05d.wav,Purr
777b88b2.wav,Frying_(food)
77b76c18.wav,Cutlery_and_silverware
77b925c2.wav,Stream
77c089d3.wav,"Motorcycle,Accelerating_and_revving_and_vroom"
77ce1c53.wav,Fart
77d7e554.wav,Toilet_flush
77e2a2d8.wav,Bicycle_bell
77f06461.wav,Male_singing
77fabc7e.wav,Clapping
77fd6b75.wav,Finger_snapping
781c102a.wav,Skateboard
78267e9d.wav,Cupboard_open_or_close
782e7d98.wav,"Bathtub_(filling_or_washing),Gurgling"
78348675.wav,"Car_passing_by,Traffic_noise_and_roadway_noise"
784ca255.wav,Accelerating_and_revving_and_vroom
787a3b08.wav,Microwave_oven
7887702f.wav,"Traffic_noise_and_roadway_noise,Bus"
78d8d2c8.wav,Screaming
78dd6b20.wav,Child_speech_and_kid_speaking
78ed8980.wav,"Screaming,Yell"
7906684d.wav,Microwave_oven
7908baa3.wav,Waves_and_surf
791abba4.wav,Screaming
794b9091.wav,Bus
794e1f93.wav,Cricket
795d200c.wav,Yell
79636a8b.wav,Waves_and_surf
79768cf0.wav,Hiss
797a073b.wav,Church_bell
7980e26c.wav,Writing
79852608.wav,Scissors
79961896.wav,Accordion
79b09200.wav,Finger_snapping
79b14dde.wav,Walk_and_footsteps
79b24938.wav,Whispering
79d095d6.wav,Church_bell
79d5542a.wav,Traffic_noise_and_roadway_noise
79dbee89.wav,"Dishes_and_pots_and_pans,Chink_and_clink"
79def668.wav,Frying_(food)
79ecda4d.wav,Fill_(with_liquid)
79f5edd4.wav,Crackle
79f969dd.wav,Glockenspiel
7a06e703.wav,"Applause,Clapping"
7a162942.wav,Gong
7a3a63b5.wav,Motorcycle
7a43247d.wav,Drawer_open_or_close
7a443296.wav,Finger_snapping
7a47bb08.wav,Drawer_open_or_close
7a4dd101.wav,Marimba_and_xylophone
7a4ff061.wav,Gong
7a5e5707.wav,Shatter
7a60b25a.wav,Female_speech_and_woman_speaking
7a71028e.wav,Harmonica
7a72cf5d.wav,Male_singing
7a7680e1.wav,Trickle_and_dribble
7a8e1e21.wav,Shatter
7a8f631f.wav,Harmonica
7aafae75.wav,Screaming
7abf68d3.wav,Chewing_and_mastication
7ac41070.wav,Whispering
7acf98dc.wav,Accordion
7ad34f4f.wav,Burping_and_eructation
7aec9093.wav,Cricket
7af33c46.wav,"Acoustic_guitar,Strum"
7af5553f.wav,Zipper_(clothing)
7b0409ba.wav,Purr
7b042f3f.wav,Male_speech_and_man_speaking
7b0c6614.wav,Church_bell
7b1dedf5.wav,Chirp_and_tweet
7b4e1ed5.wav,"Trickle_and_dribble,Bathtub_(filling_or_washing),Sink_(filling_or_washing),Gurgling"
7b62e77c.wav,Gasp
7b641a8d.wav,Race_car_and_auto_racing
7b6828fb.wav,Toilet_flush
7b70dfcc.wav,Hi-hat
7b84dcf2.wav,Purr
7b8f4036.wav,Toilet_flush
7b9a22e2.wav,Female_singing
7ba787e9.wav,Mechanical_fan
7bb460a0.wav,Car_passing_by
7bc5dbae.wav,Cupboard_open_or_close
7bc5e66f.wav,"Screaming,Yell"
7bcabc55.wav,"Cutlery_and_silverware,Chink_and_clink"
7c0136d4.wav,"Electric_guitar,Squeak"
7c2c913e.wav,Gurgling
7c4c948c.wav,"Cutlery_and_silverware,Dishes_and_pots_and_pans"
7c530832.wav,Mechanical_fan
7c61d786.wav,Bus
7c657d29.wav,Gasp
7c6e5d30.wav,Waves_and_surf
7c76f6b2.wav,Traffic_noise_and_roadway_noise
7c8e816f.wav,"Motorcycle,Accelerating_and_revving_and_vroom"
7c90ffea.wav,Computer_keyboard
7ca5d810.wav,Clapping
7cbb1eb8.wav,"Raindrop,Drip"
7cbb395c.wav,Fill_(with_liquid)
7cbedfcb.wav,Gong
7ccb3778.wav,Whispering
7cea3071.wav,Bathtub_(filling_or_washing)
7ceded52.wav,"Raindrop,Drip"
7cee2fbc.wav,Hi-hat
7cfbe54e.wav,"Race_car_and_auto_racing,Accelerating_and_revving_and_vroom"
7cfccc1f.wav,Chirp_and_tweet
7d08da96.wav,Cricket
7d0b839a.wav,Stream
7d125398.wav,Chewing_and_mastication
7d1c86f5.wav,Cupboard_open_or_close
7d413a44.wav,Finger_snapping
7d417387.wav,Computer_keyboard
7d5ba3dd.wav,Child_speech_and_kid_speaking
7d732d9a.wav,"Knock,Slam"
7d7fc9ef.wav,Toilet_flush
7d951895.wav,"Applause,Cheering"
7da163b8.wav,"Race_car_and_auto_racing,Accelerating_and_revving_and_vroom"
7da392d8.wav,Waves_and_surf
7dba9e92.wav,Male_singing
7dd4e525.wav,Motorcycle
7ddd9f7b.wav,Zipper_(clothing)
7dee7d2b.wav,Sigh
7dfd6aeb.wav,"Squeak,Walk_and_footsteps"
7e1f58d2.wav,Gasp
7e2219b1.wav,Bass_guitar
7e26b1a9.wav,Chewing_and_mastication
7e358612.wav,Motorcycle
7e394f26.wav,"Dishes_and_pots_and_pans,Hiss"
7e3dc005.wav,Gasp
7e5495f8.wav,Skateboard
7e583b4d.wav,Whispering
7e61c879.wav,Fart
7e6d295a.wav,Computer_keyboard
7e739286.wav,Cupboard_open_or_close
7e7566cb.wav,Chewing_and_mastication
7e75c403.wav,Bathtub_(filling_or_washing)
7e77a92b.wav,Meow
7e88eb95.wav,Skateboard
7e8cd849.wav,Purr
7e97ba69.wav,Fill_(with_liquid)
7ea9dcb5.wav,Scissors
7eab102a.wav,Stream
7eb265e3.wav,Tick-tock
7eb4d9f0.wav,Screaming
7eb868a5.wav,Female_singing
7ec7c7fd.wav,Zipper_(clothing)
7ece056a.wav,Microwave_oven
7edb2ea2.wav,Chewing_and_mastication
7eeb6398.wav,Car_passing_by
7ef08959.wav,Female_singing
7f0b19e3.wav,Crackle
7f2ffa25.wav,Cupboard_open_or_close
7f409e1a.wav,"Female_speech_and_woman_speaking,Yell"
7f41caa7.wav,Bass_drum
7f5f03dd.wav,Tap
7f6393f3.wav,Tick-tock
7f6469d1.wav,Cupboard_open_or_close
7f66a4f3.wav,Tick-tock
7f941ef4.wav,Electric_guitar
7f9798a5.wav,Tap
7f9c5a4f.wav,Stream
7fe42580.wav,Knock
7fe5e4be.wav,Bus
7ff5ca2b.wav,Hi-hat
7ffdcfeb.wav,Frying_(food)
80013842.wav,Computer_keyboard
80136254.wav,"Electric_guitar,Strum"
8018e9c8.wav,Trickle_and_dribble
8028f185.wav,Squeak
803733cd.wav,Run
80436599.wav,"Screaming,Crowd,Cheering"
804af928.wav,Skateboard
8053e3d5.wav,"Cheering,Clapping"
80671dd9.wav,Gasp
8069f3ee.wav,Traffic_noise_and_roadway_noise
80859099.wav,"Sink_(filling_or_washing),Water_tap_and_faucet"
8098514c.wav,Keys_jangling
80a741f1.wav,Burping_and_eructation
80a9e17f.wav,Printer
80b809ba.wav,Frying_(food)
80bb76d7.wav,Trickle_and_dribble
80bd2d3d.wav,Car_passing_by
80e8d76b.wav,Computer_keyboard
80ec7804.wav,Female_speech_and_woman_speaking
8104e307.wav,Scissors
8106a265.wav,Hi-hat
8107abac.wav,Tick-tock
8134042f.wav,Whispering
813f9535.wav,"Acoustic_guitar,Strum"
8155ba96.wav,Female_singing
815b6e01.wav,Meow
81685f43.wav,Purr
817f3153.wav,Church_bell
8182600b.wav,Frying_(food)
81add34f.wav,Meow
81c1bcf3.wav,"Crowd,Race_car_and_auto_racing,Accelerating_and_revving_and_vroom"
81d9b041.wav,Squeak
81e62540.wav,Yell
81e8c522.wav,"Dishes_and_pots_and_pans,Sink_(filling_or_washing)"
81fb41e7.wav,Female_singing
8203d867.wav,Scissors
82070883.wav,Chirp_and_tweet
8209bf35.wav,"Cupboard_open_or_close,Drawer_open_or_close"
82273b41.wav,"Cutlery_and_silverware,Dishes_and_pots_and_pans"
823093b5.wav,"Acoustic_guitar,Strum"
8230d06a.wav,Hi-hat
82319b80.wav,Tick-tock
82333d0b.wav,"Cutlery_and_silverware,Dishes_and_pots_and_pans"
8236ace8.wav,Bus
8238a573.wav,Whispering
8238e311.wav,"Trickle_and_dribble,Bathtub_(filling_or_washing),Sink_(filling_or_washing),Gurgling"
824d9810.wav,"Toilet_flush,Gurgling"
8250b48f.wav,Bus
8259bc30.wav,Chirp_and_tweet
8262bfed.wav,Gasp
8274e570.wav,Skateboard
827ee753.wav,Bicycle_bell
82833b17.wav,Church_bell
82a97540.wav,Screaming
82bac165.wav,Bass_guitar
82c40c96.wav,Marimba_and_xylophone
82e7bc3a.wav,Hiss
82e83af9.wav,Male_speech_and_man_speaking
82f815c6.wav,Gong
830e48bf.wav,Electric_guitar
830ec6e4.wav,Skateboard
83258ba1.wav,Child_speech_and_kid_speaking
832675e4.wav,Sneeze
832f7892.wav,Gasp
83338363.wav,Motorcycle
8334acca.wav,Toilet_flush
834782ed.wav,Marimba_and_xylophone
8369d097.wav,Purr
8379bef4.wav,Crackle
83886a47.wav,Walk_and_footsteps
838c90c7.wav,Gurgling
8392897b.wav,Crackle
8394142c.wav,Cutlery_and_silverware
8399bce3.wav,Bass_drum
839abc3c.wav,Keys_jangling
83a9905e.wav,Screaming
83b8e73e.wav,Slam
83cd1d79.wav,Toilet_flush
83dece36.wav,Male_singing
83ececad.wav,Drawer_open_or_close
84046d97.wav,Whispering
840a0fde.wav,Cutlery_and_silverware
841185d5.wav,Bark
841f0dfc.wav,"Slam,Microwave_oven"
842025a3.wav,"Chirp_and_tweet,Buzz"
84204880.wav,Hiss
843a4653.wav,Scissors
843ad31b.wav,Sigh
843cae8b.wav,Skateboard
84440785.wav,"Cutlery_and_silverware,Tap"
8456f6d4.wav,Stream
845b9b61.wav,Purr
8483f707.wav,Harmonica
8489fa6d.wav,Tap
8498ba33.wav,Sneeze
849bd04a.wav,Harmonica
84a73467.wav,Run
84bab977.wav,Cupboard_open_or_close
84d3b3c3.wav,Run
84d9ae84.wav,"Female_speech_and_woman_speaking,Yell"
84dc83b4.wav,Toilet_flush
84dd0d96.wav,Bark
84e433e1.wav,Computer_keyboard
84e4fa67.wav,Cricket
84f39255.wav,Purr
84f43b6f.wav,Glockenspiel
84fadbf3.wav,Skateboard
8519bf18.wav,Tap
85287219.wav,Shatter
852c98f0.wav,Stream
8542d045.wav,Toilet_flush
85613354.wav,Clapping
85617fb3.wav,"Dishes_and_pots_and_pans,Chink_and_clink"
85757f49.wav,"Walk_and_footsteps,Run"
8577d34c.wav,Accordion
857e4f34.wav,Skateboard
859e4e87.wav,Gasp
859f7a75.wav,Slam
85a74c28.wav,Sneeze
85ca04d1.wav,Tick-tock
85e38736.wav,Hi-hat
85f84c90.wav,Harmonica
861010f2.wav,Male_singing
861daaac.wav,"Raindrop,Drip"
861f02a8.wav,Microwave_oven
864607f0.wav,Microwave_oven
864a1d0c.wav,Buzz
864d840f.wav,Finger_snapping
865536c7.wav,Hi-hat
8662eab3.wav,Church_bell
8663f077.wav,"Female_singing,Male_singing"
86644708.wav,Printer
86721a1f.wav,Sigh
8687b80e.wav,Harmonica
8693012d.wav,Sigh
8695cc8e.wav,Drawer_open_or_close
8697dafa.wav,Run
86ad0456.wav,Male_singing
86b42d00.wav,Shatter
86e59c2e.wav,"Drip,Water_tap_and_faucet"
86efa86b.wav,Gong
86f4943e.wav,Waves_and_surf
870a78ed.wav,Frying_(food)
871f327d.wav,Motorcycle
8728d69c.wav,Printer
8731b506.wav,Buzz
8743cfbf.wav,Toilet_flush
874adfa0.wav,Accordion
875797c9.wav,Bicycle_bell
876085e9.wav,Run
877562da.wav,Writing
87798ad0.wav,Zipper_(clothing)
87aa0646.wav,"Dishes_and_pots_and_pans,Chink_and_clink"
87b3d001.wav,Tap
87cc8eb1.wav,Sneeze
87d270c7.wav,Accordion
87dc6c03.wav,Glockenspiel
87e74683.wav,Skateboard
87f589c7.wav,Tick-tock
87fe8193.wav,Finger_snapping
87febe0b.wav,Chewing_and_mastication
88053677.wav,Scissors
88225d1a.wav,Clapping
8837c9c7.wav,Crackle
883952ba.wav,Sneeze
88594fab.wav,Male_singing
88647d5b.wav,Clapping
88683ae0.wav,Fart
8870cc59.wav,Squeak
887d007c.wav,"Electric_guitar,Strum"
8880a621.wav,Knock
888927f0.wav,Electric_guitar
88911a96.wav,Male_speech_and_man_speaking
88a709b3.wav,Sigh
88b888b7.wav,Glockenspiel
88bf48be.wav,Finger_snapping
88c6673f.wav,Whispering
88caf0f6.wav,Hiss
88cb7e3f.wav,Bass_guitar
88e83441.wav,Gurgling
8908da39.wav,Tick-tock
8912c77e.wav,"Squeak,Writing"
8929a346.wav,Cricket
892c15e4.wav,Clapping
894e2bb7.wav,Male_singing
895015fe.wav,"Slam,Microwave_oven"
895cee31.wav,Tick-tock
89975573.wav,"Walk_and_footsteps,Run"
89c51b82.wav,Screaming
89d61b7b.wav,Bicycle_bell
89d63445.wav,Bicycle_bell
8a05deba.wav,Marimba_and_xylophone
8a07ff4c.wav,Whispering
8a39ed6f.wav,Child_speech_and_kid_speaking
8a44e8b8.wav,Glockenspiel
8a5a7e98.wav,Motorcycle
8a5da195.wav,Microwave_oven
8a6a88f2.wav,Hiss
8a6f9b56.wav,Meow
8a786947.wav,Hiss
8a8110c2.wav,Gasp
8a8e9b64.wav,Tick-tock
8aa9e939.wav,"Squeak,Writing"
8ab0c389.wav,Cupboard_open_or_close
8abaa3b6.wav,Meow
8acdd02c.wav,Walk_and_footsteps
8ad4ecd7.wav,Sneeze
8ade7ebb.wav,Harmonica
8af07df0.wav,Male_speech_and_man_speaking
8af6da68.wav,Crackle
8b021411.wav,Burping_and_eructation
8b09e142.wav,Burping_and_eructation
8b0ea59a.wav,Female_singing
8b135c74.wav,Shatter
8b1e61a1.wav,Sneeze
8b255672.wav,Harmonica
8b2ed13a.wav,Keys_jangling
8b79c425.wav,"Sink_(filling_or_washing),Water_tap_and_faucet"
8b87a2a8.wav,Male_speech_and_man_speaking
8b999b45.wav,Drawer_open_or_close
8bb247a9.wav,"Squeak,Slam"
8bb2680a.wav,Waves_and_surf
8bb79a25.wav,"Acoustic_guitar,Strum"
8be3d958.wav,Slam
8bedc661.wav,Tap
8bfe5b0f.wav,Gong
8c031a20.wav,Sneeze
8c1b810e.wav,"Race_car_and_auto_racing,Accelerating_and_revving_and_vroom"
8c225bfb.wav,Car_passing_by
8c2b6649.wav,Cupboard_open_or_close
8c3d241d.wav,Whispering
8c3e8e1d.wav,Waves_and_surf
8c4091c0.wav,Glockenspiel
8c6b9876.wav,Knock
8c79330a.wav,Tick-tock
8c80709a.wav,Bass_drum
8c84965f.wav,Whispering
8c862be7.wav,Frying_(food)
8c8e70b6.wav,"Motorcycle,Accelerating_and_revving_and_vroom"
8c9ac07d.wav,Clapping
8c9f85d5.wav,"Raindrop,Drip"
8ca94e17.wav,Run
8cab1f21.wav,Bicycle_bell
8cb069a3.wav,Shatter
8cbf45da.wav,Cricket
8cd6e472.wav,Electric_guitar
8d112af4.wav,Keys_jangling
8d17eea5.wav,Bathtub_(filling_or_washing)
8d1d617a.wav,Gong
8d1fb22b.wav,Tick-tock
8d27b623.wav,"Screaming,Yell"
8d28740d.wav,Frying_(food)
8d38fd42.wav,"Hi-hat,Bass_drum"
8d51f486.wav,Raindrop
8d52dae7.wav,Chirp_and_tweet
8d552dd8.wav,Electric_guitar
8d639f0c.wav,Burping_and_eructation
8d771815.wav,"Sink_(filling_or_washing),Water_tap_and_faucet"
8d7992fd.wav,Knock
8d9ad0b4.wav,Hi-hat
8d9fe5d9.wav,Male_singing
8dab22a2.wav,Gasp
8db05e45.wav,Bass_guitar
8db34522.wav,Female_speech_and_woman_speaking
8dbaad9c.wav,Microwave_oven
8dbe558d.wav,Crowd
8dc2852a.wav,"Squeak,Cupboard_open_or_close"
8dc2c5b9.wav,"Raindrop,Drip"
8dc64b95.wav,Cricket
8dcba328.wav,Male_singing
8dd9e0c2.wav,"Acoustic_guitar,Strum"
8de174e6.wav,Traffic_noise_and_roadway_noise
8de79a56.wav,Female_singing
8defac4b.wav,Accordion
8e1700ba.wav,"Applause,Cheering"
8e1857f0.wav,Hiss
8e21761d.wav,Cupboard_open_or_close
8e253348.wav,Fart
8e28b9e6.wav,Burping_and_eructation
8e3c18b2.wav,Cupboard_open_or_close
8e599310.wav,Scissors
8e7332b3.wav,"Hiss,Bus"
8e860951.wav,Harmonica
8e8ede7f.wav,Waves_and_surf
8e8ee9e3.wav,Hi-hat
8e9a2b19.wav,Walk_and_footsteps
8e9c35e8.wav,Shatter
8ea4de51.wav,Waves_and_surf
8eb4452b.wav,Keys_jangling
8ebeb89c.wav,Gong
8ebf9f33.wav,"Raindrop,Bathtub_(filling_or_washing)"
8ec9e8b0.wav,Shatter
8ed29f42.wav,"Raindrop,Drip"
8ee43b88.wav,Church_bell
8eef389c.wav,Mechanical_fan
8f1cdb30.wav,"Sink_(filling_or_washing),Water_tap_and_faucet"
8f237e57.wav,Marimba_and_xylophone
8f2477b7.wav,Raindrop
8f345d22.wav,Skateboard
8f40eba8.wav,Bus
8f42bea5.wav,Drawer_open_or_close
8f436fd9.wav,"Screaming,Yell"
8f45553f.wav,Mechanical_fan
8f4a2a33.wav,Clapping
8f57dece.wav,Bicycle_bell
8f5bf633.wav,Burping_and_eructation
8f7dbb70.wav,"Dishes_and_pots_and_pans,Chink_and_clink"
8f85b889.wav,Writing
8f8eace9.wav,"Crowd,Cheering"
8f941cc5.wav,Cutlery_and_silverware
8fafaa8a.wav,Chink_and_clink
8fb68a07.wav,Electric_guitar
8fc06f77.wav,Crackle
8fc6ef97.wav,Crackle
8fd6640f.wav,Gurgling
9007288e.wav,"Bathtub_(filling_or_washing),Gurgling"
900e6ee9.wav,Keys_jangling
9017d40b.wav,Microwave_oven
90401cda.wav,Zipper_(clothing)
9045205d.wav,Traffic_noise_and_roadway_noise
904af238.wav,Tick-tock
906abcdd.wav,Gong
906f2c54.wav,Fill_(with_liquid)
9071825b.wav,Zipper_(clothing)
90826c5a.wav,Mechanical_fan
90880403.wav,"Walk_and_footsteps,Stream"
90a3db1c.wav,Car_passing_by
90b34a9d.wav,Drawer_open_or_close
90bc5040.wav,Female_singing
90e76202.wav,Tap
90fef600.wav,Purr
91035658.wav,Clapping
910f20db.wav,Writing
9111aae8.wav,Female_singing
912e79f1.wav,Hiss
914abb8b.wav,Meow
9153da1c.wav,Accelerating_and_revving_and_vroom
9159836a.wav,Toilet_flush
919b6b3c.wav,Keys_jangling
919fb79f.wav,Hi-hat
91a48764.wav,Clapping
91a60945.wav,Whispering
91b93ecb.wav,"Screaming,Yell"
91d8844d.wav,Screaming
91dc301c.wav,"Applause,Crowd,Cheering"
91f5dd76.wav,Motorcycle
91fd8984.wav,Microwave_oven
92057299.wav,Gong
9223a253.wav,Harmonica
922bf91b.wav,Sneeze
92326d3b.wav,Race_car_and_auto_racing
925616d6.wav,"Fill_(with_liquid),Water_tap_and_faucet"
925aeeff.wav,Keys_jangling
92601183.wav,Cupboard_open_or_close
92702b88.wav,Finger_snapping
928b1994.wav,Bark
92ce5fd4.wav,Crackle
92d01be6.wav,Knock
92e1cda1.wav,Frying_(food)
92e9c412.wav,Hiss
931f845d.wav,"Raindrop,Drip"
9329a873.wav,Meow
9336f25b.wav,Car_passing_by
93396432.wav,Whispering
934bd504.wav,Glockenspiel
935726b9.wav,Fart
9364e889.wav,Cutlery_and_silverware
9367defa.wav,Microwave_oven
9374db15.wav,Bicycle_bell
9377490c.wav,Hi-hat
9378307a.wav,"Female_speech_and_woman_speaking,Yell"
937b5bfd.wav,"Crowd,Yell"
938869a6.wav,Marimba_and_xylophone
93997e8a.wav,Marimba_and_xylophone
939f0a16.wav,Squeak
93a0a146.wav,Clapping
93a4d27a.wav,Run
93d65313.wav,Electric_guitar
93f47ec8.wav,Tick-tock
9404024a.wav,"Bathtub_(filling_or_washing),Sink_(filling_or_washing),Water_tap_and_faucet"
9414c493.wav,Zipper_(clothing)
9418206d.wav,Fill_(with_liquid)
94182ad8.wav,Bathtub_(filling_or_washing)
942133d3.wav,Bicycle_bell
9428cb53.wav,"Cutlery_and_silverware,Dishes_and_pots_and_pans"
94535fc3.wav,Bass_guitar
9459e602.wav,Screaming
94624788.wav,Burping_and_eructation
9470989d.wav,Shatter
9475e2a8.wav,"Sink_(filling_or_washing),Water_tap_and_faucet"
94789751.wav,Hi-hat
94934bac.wav,Finger_snapping
94a28428.wav,Scissors
94a6112a.wav,Hiss
94b3206e.wav,Run
94e0e440.wav,Cupboard_open_or_close
94e5a26e.wav,Skateboard
94fece18.wav,Run
9508e020.wav,"Motorcycle,Accelerating_and_revving_and_vroom"
950b1afa.wav,Drawer_open_or_close
950c4874.wav,Skateboard
953e70d9.wav,Church_bell
954acd21.wav,Glockenspiel
954b16c7.wav,Electric_guitar
9551eb1d.wav,Knock
9554178e.wav,Male_speech_and_man_speaking
95731027.wav,"Female_speech_and_woman_speaking,Yell"
9579b1c8.wav,"Electric_guitar,Bass_guitar"
958e80a2.wav,Finger_snapping
95901d28.wav,Bathtub_(filling_or_washing)
95991044.wav,"Sink_(filling_or_washing),Water_tap_and_faucet"
95a9fe29.wav,Scissors
95b1fcd5.wav,"Acoustic_guitar,Strum"
95ba4cf7.wav,Toilet_flush
95c7b496.wav,Male_speech_and_man_speaking
95c7fe22.wav,"Fill_(with_liquid),Bathtub_(filling_or_washing),Water_tap_and_faucet"
95d5b4a5.wav,Computer_keyboard
95d86609.wav,Waves_and_surf
95ee16d6.wav,"Applause,Crowd,Cheering"
95f92a43.wav,Raindrop
95fad007.wav,Knock
9616fe5b.wav,Harmonica
962b4141.wav,Traffic_noise_and_roadway_noise
962f13cd.wav,Scissors
962f8f24.wav,Screaming
962ffc01.wav,Bass_drum
963b7038.wav,Finger_snapping
96723dba.wav,Skateboard
96ac18ff.wav,Marimba_and_xylophone
96ccf77b.wav,Chink_and_clink
96fa75a4.wav,Fart
96fde909.wav,Marimba_and_xylophone
9706d373.wav,Traffic_noise_and_roadway_noise
970f687d.wav,Bus
971cc0ab.wav,Accelerating_and_revving_and_vroom
97201c91.wav,Child_speech_and_kid_speaking
9734360a.wav,Walk_and_footsteps
9754de8d.wav,Bass_drum
975c689e.wav,Buzz
975e415a.wav,Printer
97669a0a.wav,Shatter
97671a7b.wav,Hi-hat
976b7770.wav,Run
9783ae2b.wav,Microwave_oven
9796192d.wav,Scissors
979728a5.wav,Finger_snapping
979db468.wav,"Cutlery_and_silverware,Dishes_and_pots_and_pans"
97a0f792.wav,Chewing_and_mastication
97aa0a54.wav,Burping_and_eructation
97b783cf.wav,Printer
97bb5eb0.wav,Skateboard
97ec7e07.wav,"Applause,Crowd"
97f7cd56.wav,Skateboard
97fbd437.wav,Cricket
98322588.wav,Accordion
98331831.wav,Crackle
9868c660.wav,Fill_(with_liquid)
9873fc0b.wav,Waves_and_surf
987ab2b8.wav,"Bathtub_(filling_or_washing),Water_tap_and_faucet"
987ba741.wav,Fill_(with_liquid)
988320db.wav,Knock
98a5fee6.wav,"Toilet_flush,Gurgling"
98a89463.wav,Church_bell
98ad5e60.wav,Trickle_and_dribble
98b0df76.wav,Bus
98b5854a.wav,"Toilet_flush,Gurgling"
98d26b78.wav,"Drip,Water_tap_and_faucet"
98d6cf3a.wav,Cupboard_open_or_close
98da591a.wav,"Acoustic_guitar,Strum"
98e06ea9.wav,Male_singing
98ef8655.wav,Female_singing
98f00bd1.wav,Meow
992432a9.wav,"Trickle_and_dribble,Sink_(filling_or_washing)"
992819e9.wav,Male_singing
99354474.wav,Run
9940db05.wav,"Bathtub_(filling_or_washing),Water_tap_and_faucet"
99419949.wav,"Acoustic_guitar,Strum"
994728a8.wav,Finger_snapping
9950cecb.wav,"Cutlery_and_silverware,Dishes_and_pots_and_pans"
9957b02a.wav,Cricket
99580c64.wav,"Applause,Dishes_and_pots_and_pans,Crowd,Cheering,Clapping,Child_speech_and_kid_speaking"
9958e99e.wav,Male_singing
9968473b.wav,"Trickle_and_dribble,Water_tap_and_faucet"
997084c0.wav,Female_singing
997404af.wav,Bus
997c4f09.wav,Crackle
997dcb18.wav,Slam
99876060.wav,Hi-hat
9994a39e.wav,Cupboard_open_or_close
99989533.wav,Cricket
999a7744.wav,Tick-tock
999b1b90.wav,"Cricket,Waves_and_surf"
999cb2af.wav,Church_bell
99a9e15b.wav,"Applause,Crowd"
99bd8571.wav,"Female_speech_and_woman_speaking,Yell"
99d46657.wav,Writing
99d94e28.wav,Writing
99db7bfe.wav,Skateboard
9a0fb646.wav,"Chirp_and_tweet,Slam"
9a22459e.wav,Finger_snapping
9a47343c.wav,Purr
9a5ef104.wav,Marimba_and_xylophone
9a76bda4.wav,Car_passing_by
9a7c3b2c.wav,Bus
9a8da7b4.wav,Fill_(with_liquid)
9a92f7d0.wav,Bass_drum
9a93c380.wav,"Electric_guitar,Bass_guitar"
9aa8a6cc.wav,Cricket
9aae7a26.wav,Fill_(with_liquid)
9ad34e6b.wav,Bus
9ae33921.wav,Burping_and_eructation
9ae5af92.wav,Crackle
9ae9c271.wav,Electric_guitar
9b10744d.wav,"Raindrop,Drip"
9b29324e.wav,Run
9b405966.wav,Chirp_and_tweet
9b4411d1.wav,Skateboard
9b50ac17.wav,Waves_and_surf
9b53bc95.wav,Bicycle_bell
9b69cc91.wav,Shatter
9b6f6df1.wav,Church_bell
9b82aa29.wav,Child_speech_and_kid_speaking
9b8830ad.wav,Computer_keyboard
9ba695ad.wav,Cricket
9bbae287.wav,Cricket
9bbe4140.wav,Purr
9bc49e29.wav,Cupboard_open_or_close
9bc54fb2.wav,Mechanical_fan
9bc99500.wav,"Race_car_and_auto_racing,Accelerating_and_revving_and_vroom"
9bcde113.wav,Drawer_open_or_close
9bf0b36f.wav,Drawer_open_or_close
9bf22429.wav,Bass_guitar
9bf931be.wav,Bathtub_(filling_or_washing)
9c2b410c.wav,Gasp
9c3ff7f4.wav,Child_speech_and_kid_speaking
9c5afe8f.wav,"Stream,Trickle_and_dribble"
9c61eaa8.wav,Crackle
9c918a51.wav,Female_singing
9c95833b.wav,Crackle
9cc62028.wav,Female_singing
9ccc7f41.wav,Waves_and_surf
9cd74846.wav,"Raindrop,Drip"
9ce8004e.wav,Male_singing
9cfed0c4.wav,Toilet_flush
9d020e00.wav,Cupboard_open_or_close
9d035e32.wav,Cricket
9d066f30.wav,Gong
9d1ffcd8.wav,Printer
9d219390.wav,"Raindrop,Drip"
9d22dc32.wav,"Sink_(filling_or_washing),Water_tap_and_faucet"
9d5e5e2d.wav,Male_speech_and_man_speaking
9d77380c.wav,Cricket
9d777b4c.wav,Stream
9d7eeb06.wav,Bark
9d8ab05a.wav,Writing
9d92418b.wav,Male_singing
9d94435c.wav,Frying_(food)
9da5a92c.wav,Chirp_and_tweet
9db0c92e.wav,Microwave_oven
9db1cf4a.wav,Fart
9db4bfd1.wav,Female_singing
9db92700.wav,Computer_keyboard
9dbee4e3.wav,Chewing_and_mastication
9dc5b2af.wav,Computer_keyboard
9dd0e46a.wav,Shatter
9dfc18f7.wav,Shatter
9e2395a0.wav,Harmonica
9e23bc44.wav,Chirp_and_tweet
9e2abeb0.wav,Child_speech_and_kid_speaking
9e34c71f.wav,Child_speech_and_kid_speaking
9e51318f.wav,Crackle
9e552218.wav,Cutlery_and_silverware
9e5f8b92.wav,Finger_snapping
9e624175.wav,"Sink_(filling_or_washing),Water_tap_and_faucet"
9e678772.wav,Burping_and_eructation
9e746eaf.wav,"Acoustic_guitar,Strum"
9e7c1bc2.wav,Bass_guitar
9e7e1409.wav,"Cutlery_and_silverware,Dishes_and_pots_and_pans"
9e8c95e3.wav,Skateboard
9e8eb16c.wav,Computer_keyboard
9e9ca0b0.wav,Crackle
9eb89815.wav,Stream
9ecba286.wav,Traffic_noise_and_roadway_noise
9ed7cf3d.wav,Mechanical_fan
9ef2a13e.wav,Traffic_noise_and_roadway_noise
9ef93b14.wav,Mechanical_fan
9f019ac7.wav,Keys_jangling
9f025102.wav,"Bark,Cricket"
9f121993.wav,Frying_(food)
9f1eb7a0.wav,Accelerating_and_revving_and_vroom
9f1f76ea.wav,Scissors
9f2b2715.wav,Knock
9f4af14b.wav,Toilet_flush
9f54fbbe.wav,"Walk_and_footsteps,Chirp_and_tweet"
9f55438d.wav,Female_speech_and_woman_speaking
9f5c1a48.wav,Computer_keyboard
9f631c56.wav,"Slam,Microwave_oven"
9f7273b5.wav,Walk_and_footsteps
9f72ebe0.wav,Waves_and_surf
9f93d461.wav,Bark
9f9535fb.wav,Finger_snapping
9f955137.wav,Printer
9fb6e634.wav,Accelerating_and_revving_and_vroom
9fc20f53.wav,Crackle
9feb0edb.wav,"Raindrop,Drip"
a0012049.wav,Sneeze
a038c354.wav,Motorcycle
a038eda2.wav,Male_speech_and_man_speaking
a03b112c.wav,Tap
a0450c8b.wav,Purr
a0451d9b.wav,Female_singing
a05011e4.wav,Raindrop
a0582310.wav,Stream
a05829fd.wav,Chirp_and_tweet
a059c05b.wav,Run
a05d05d1.wav,Computer_keyboard
a05dc78f.wav,Whispering
a06afbf0.wav,Trickle_and_dribble
a094cfa8.wav,Chirp_and_tweet
a0a09b04.wav,Bark
a0a3e783.wav,Writing
a0a59a53.wav,Bathtub_(filling_or_washing)
a0a85eae.wav,Meow
a0ada026.wav,Zipper_(clothing)
a0bdd0cb.wav,"Sink_(filling_or_washing),Water_tap_and_faucet"
a0d7ee57.wav,"Squeak,Slam"
a0ea9e1a.wav,Microwave_oven
a0f997f0.wav,Crackle
a0fb7ead.wav,Traffic_noise_and_roadway_noise
a10ae1af.wav,"Walk_and_footsteps,Run"
a10b8109.wav,Bicycle_bell
a122963e.wav,Bass_drum
a12581b4.wav,Hi-hat
a12616ce.wav,Female_speech_and_woman_speaking
a12bcb35.wav,Scissors
a1441a71.wav,"Acoustic_guitar,Strum"
a153ba95.wav,Skateboard
a17b177a.wav,Run
a18e8839.wav,Glockenspiel
a1956322.wav,Bark
a1a81c6d.wav,Accordion
a1b40c4a.wav,Chirp_and_tweet
a1cc7aed.wav,Toilet_flush
a1d6af10.wav,Slam
a1da472c.wav,"Race_car_and_auto_racing,Accelerating_and_revving_and_vroom"
a1dd3a0a.wav,"Sink_(filling_or_washing),Gurgling"
a1e00c44.wav,Bass_guitar
a1f17a8c.wav,Church_bell
a20bca79.wav,"Acoustic_guitar,Strum"
a2473d6e.wav,Clapping
a2564ae2.wav,Chewing_and_mastication
a2567e1f.wav,Cupboard_open_or_close
a25aedbc.wav,Toilet_flush
a266cd9d.wav,Computer_keyboard
a26b950f.wav,Harmonica
a28e588f.wav,Raindrop
a2941453.wav,Marimba_and_xylophone
a295b708.wav,Run
a29ae58e.wav,"Crowd,Cheering"
a2a8de2c.wav,Keys_jangling
a2b25be5.wav,Fart
a2b44da2.wav,Shatter
a2bc2e4e.wav,Slam
a2c724ba.wav,Bathtub_(filling_or_washing)
a2eb13ae.wav,Knock
a2f50073.wav,Knock
a2f9172b.wav,Bass_guitar
a3001011.wav,"Female_speech_and_woman_speaking,Yell"
a30c63b1.wav,Bathtub_(filling_or_washing)
a31dbf96.wav,Bicycle_bell
a3222f41.wav,Marimba_and_xylophone
a3286fdd.wav,Burping_and_eructation
a34275d5.wav,Microwave_oven
a3748ff8.wav,Traffic_noise_and_roadway_noise
a37e3d98.wav,Computer_keyboard
a383510c.wav,Printer
a3986e00.wav,"Sink_(filling_or_washing),Water_tap_and_faucet"
a39fbadd.wav,Purr
a3a20ba5.wav,Marimba_and_xylophone
a3a44e24.wav,Bass_guitar
a3b954f4.wav,Writing
a3c8a463.wav,Waves_and_surf
a3cd9e06.wav,"Crowd,Cheering"
a3ceca9c.wav,Sneeze
a3d359f2.wav,"Raindrop,Drip"
a3de90ae.wav,Motorcycle
a3debb1a.wav,Microwave_oven
a3e0e767.wav,"Squeak,Slam"
a3faad03.wav,Yell
a3fe3abd.wav,Female_speech_and_woman_speaking
a405f3f5.wav,Buzz
a40bae47.wav,Microwave_oven
a4163ed6.wav,Keys_jangling
a4244bf7.wav,Stream
a43a2dbb.wav,Male_speech_and_man_speaking
a43cb20e.wav,Child_speech_and_kid_speaking
a43de3f3.wav,"Acoustic_guitar,Strum"
a473823d.wav,Burping_and_eructation
a4788a2c.wav,Hiss
a499c1f2.wav,Child_speech_and_kid_speaking
a4ac9aaf.wav,Writing
a4ba18bc.wav,Toilet_flush
a4bed2c9.wav,Child_speech_and_kid_speaking
a4bff6ea.wav,"Female_speech_and_woman_speaking,Yell"
a4caf379.wav,"Raindrop,Drip"
a4d02233.wav,Bathtub_(filling_or_washing)
a4d19e33.wav,Shatter
a4ed3dcc.wav,Printer
a5144fbd.wav,Gong
a520dcd1.wav,Writing
a52e1fda.wav,Burping_and_eructation
a54f18de.wav,Frying_(food)
a5626b6f.wav,Tick-tock
a56b5ac9.wav,Fill_(with_liquid)
a57e42e8.wav,Cupboard_open_or_close
a58a5cc3.wav,Zipper_(clothing)
a592b6cf.wav,Gong
a593dc48.wav,Bus
a59f30f4.wav,Finger_snapping
a5a26460.wav,Fart
a5de6657.wav,Toilet_flush
a5e041fb.wav,Scissors
a5e2851f.wav,Marimba_and_xylophone
a5f3e527.wav,Printer
a5f533e1.wav,Sneeze
a60fb107.wav,Cutlery_and_silverware
a61153d2.wav,"Acoustic_guitar,Strum"
a61a9f03.wav,Walk_and_footsteps
a61caf1e.wav,Tick-tock
a61d5687.wav,Harmonica
a62a0bbc.wav,Stream
a6421e7a.wav,Car_passing_by
a648380b.wav,Stream
a649e270.wav,Bicycle_bell
a64cddbc.wav,"Hi-hat,Bass_drum"
a6665ed2.wav,Zipper_(clothing)
a67f7e9f.wav,Clapping
a69027f7.wav,Bathtub_(filling_or_washing)
a6999ac9.wav,"Applause,Cheering"
a6b2f409.wav,Buzz
a6bcf2d7.wav,Computer_keyboard
a6d71f37.wav,Marimba_and_xylophone
a6e6c971.wav,Cutlery_and_silverware
a6e9d352.wav,Scissors
a70b7903.wav,Sigh
a70bdc34.wav,Fill_(with_liquid)
a7264ba3.wav,Clapping
a7502711.wav,"Screaming,Yell"
a75485de.wav,Gurgling
a75dc869.wav,Fart
a75de3d8.wav,Frying_(food)
a773d6d7.wav,Writing
a780103f.wav,Motorcycle
a7894846.wav,Chewing_and_mastication
a78ec1ea.wav,Bark
a79b8dbb.wav,Bark
a7b1bef5.wav,"Acoustic_guitar,Strum"
a7b4e842.wav,Cricket
a7b86ac6.wav,Skateboard
a7bb2e05.wav,Car_passing_by
a7cd0949.wav,Shatter
a7e4b70b.wav,Burping_and_eructation
a7ea7a8d.wav,Zipper_(clothing)
a7fbccb4.wav,Accordion
a7fe0c30.wav,Church_bell
a81462a1.wav,Harmonica
a81d08e3.wav,Burping_and_eructation
a82277d1.wav,Cupboard_open_or_close
a8369f95.wav,Cricket
a836fa49.wav,Cricket
a8378346.wav,"Car_passing_by,Traffic_noise_and_roadway_noise"
a8398ca8.wav,Scissors
a849d801.wav,Zipper_(clothing)
a855b6da.wav,Bass_drum
a859d562.wav,Printer
a85c455a.wav,Trickle_and_dribble
a8774b75.wav,Slam
a8778c61.wav,Buzz
a87ac12a.wav,Fart
a890f635.wav,Bicycle_bell
a89b1d6f.wav,Hiss
a8abe3d7.wav,"Sink_(filling_or_washing),Water_tap_and_faucet"
a8bf67cd.wav,"Sink_(filling_or_washing),Water_tap_and_faucet"
a8de1aba.wav,"Male_speech_and_man_speaking,Yell"
a8e4a91e.wav,Scissors
a8e6a85c.wav,Cupboard_open_or_close
a8eb164b.wav,"Applause,Cheering"
a8f8727e.wav,Chewing_and_mastication
a8fb9bae.wav,Tap
a90c5f98.wav,Scissors
a917bf05.wav,Glockenspiel
a91b8ace.wav,Bus
a91c3057.wav,Bus
a926ff23.wav,Skateboard
a92f3c97.wav,"Squeak,Slam"
a93b35c3.wav,Shatter
a941dbea.wav,Bathtub_(filling_or_washing)
a9531367.wav,Shatter
a95bf234.wav,Chink_and_clink
a96eb9aa.wav,Writing
a97bafae.wav,Glockenspiel
a97e0706.wav,Toilet_flush
a9908fe5.wav,Car_passing_by
a9da54f6.wav,"Race_car_and_auto_racing,Accelerating_and_revving_and_vroom"
a9e97fb7.wav,Zipper_(clothing)
a9eeb230.wav,Printer
a9f86ca4.wav,"Drip,Bathtub_(filling_or_washing)"
aa148db3.wav,Microwave_oven
aa1d74f7.wav,Printer
aa1ec70b.wav,"Acoustic_guitar,Strum"
aa20e3ab.wav,Electric_guitar
aa572f3a.wav,Cricket
aa5f3bc4.wav,Writing
aa737a06.wav,Accordion
aa7cbb7d.wav,Knock
aa844a6d.wav,Bass_guitar
aa897ef8.wav,Male_speech_and_man_speaking
aa8d36ba.wav,Zipper_(clothing)
aa936963.wav,Meow
aaa33b0c.wav,"Motorcycle,Accelerating_and_revving_and_vroom"
aab21a12.wav,Traffic_noise_and_roadway_noise
aad7c407.wav,Bathtub_(filling_or_washing)
aadc680e.wav,Marimba_and_xylophone
aae85615.wav,Bus
aae9382f.wav,Stream
ab0b6d6d.wav,Squeak
ab0c7cec.wav,Finger_snapping
ab142cf0.wav,Zipper_(clothing)
ab2bebf8.wav,Chirp_and_tweet
ab3d1aee.wav,Purr
ab54775b.wav,"Acoustic_guitar,Strum"
ab62c926.wav,Trickle_and_dribble
ab87f49c.wav,Harmonica
ab995ca4.wav,Waves_and_surf
ab9be8af.wav,Purr
abbf4f95.wav,"Acoustic_guitar,Strum"
abc7ddef.wav,Printer
abce5f03.wav,Trickle_and_dribble
abd57ddf.wav,Bathtub_(filling_or_washing)
abdfffdd.wav,Knock
abe0de4b.wav,Car_passing_by
abecd9f6.wav,Writing
abef78a1.wav,Hiss
abfd4ff0.wav,Whispering
ac1de830.wav,Shatter
ac24e081.wav,Chewing_and_mastication
ac2cd845.wav,Finger_snapping
ac3515b8.wav,Child_speech_and_kid_speaking
ac569b65.wav,Writing
ac5bbb20.wav,Meow
ac67de1c.wav,Race_car_and_auto_racing
ac6a34c7.wav,"Applause,Crowd"
ac7ab5c4.wav,"Toilet_flush,Gurgling"
ac852cfc.wav,Car_passing_by
ac969a42.wav,Bicycle_bell
ac9e7a91.wav,Church_bell
aca0f6c8.wav,Purr
acbb5ca4.wav,Printer
acc1bf2c.wav,"Applause,Crowd,Cheering"
acc996fc.wav,Finger_snapping
acd1d0df.wav,Slam
acdd36dc.wav,Meow
acf4a804.wav,Writing
acf9f485.wav,Bicycle_bell
acfacc32.wav,Male_speech_and_man_speaking
ad0e2e15.wav,Sigh
ad134295.wav,Electric_guitar
ad1d9021.wav,Bass_guitar
ad2aac0d.wav,Slam
ad45f734.wav,Accordion
ad49bd2d.wav,Car_passing_by
ad4fbd43.wav,Marimba_and_xylophone
ad4fee9e.wav,Male_singing
ad540614.wav,Writing
ad60651d.wav,Trickle_and_dribble
ad7f6826.wav,Male_speech_and_man_speaking
adae4cd4.wav,Gurgling
adb1890d.wav,Fart
adb67284.wav,Traffic_noise_and_roadway_noise
adb94ade.wav,Whispering
adc80f5e.wav,Cricket
addad425.wav,Buzz
addf50c1.wav,Harmonica
ade51e10.wav,Sneeze
ade77061.wav,"Tap,Acoustic_guitar"
adf0a236.wav,Buzz
adff8113.wav,Screaming
ae056ecf.wav,"Applause,Clapping"
ae1d4d55.wav,Zipper_(clothing)
ae31d6b3.wav,"Squeak,Cupboard_open_or_close"
ae350ecf.wav,Zipper_(clothing)
ae4a6429.wav,"Applause,Screaming,Crowd"
ae628bb7.wav,Toilet_flush
ae7f452a.wav,"Acoustic_guitar,Strum"
ae80b2c3.wav,"Meow,Purr"
ae8110df.wav,Child_speech_and_kid_speaking
ae888f54.wav,Whispering
ae9226dc.wav,Cupboard_open_or_close
ae9f2405.wav,Crackle
aeaeab06.wav,Female_singing
aeaf94e8.wav,"Dishes_and_pots_and_pans,Sink_(filling_or_washing)"
aec32e4d.wav,Finger_snapping
aecd97a7.wav,Bark
aece8573.wav,Marimba_and_xylophone
af0505cf.wav,Tap
af051b24.wav,Gasp
af0afe7c.wav,Frying_(food)
af254b46.wav,Clapping
af25cbf4.wav,Chewing_and_mastication
af262b07.wav,Whispering
af33de79.wav,Gurgling
af3cf017.wav,Glockenspiel
af47f550.wav,"Dishes_and_pots_and_pans,Chink_and_clink"
af4d82eb.wav,Race_car_and_auto_racing
af53f7cf.wav,Chewing_and_mastication
af5b2dd9.wav,Frying_(food)
af62b8a9.wav,Knock
af6a752c.wav,Harmonica
af6d9b0c.wav,Marimba_and_xylophone
af783a53.wav,Keys_jangling
af7b5bab.wav,Scissors
af93284f.wav,Cutlery_and_silverware
afa527b3.wav,Finger_snapping
afadc674.wav,Slam
afaf7521.wav,Stream
afb5287b.wav,Drawer_open_or_close
afbd94ef.wav,Whispering
afc433aa.wav,Microwave_oven
afddbbf9.wav,Tap
afe5789b.wav,Bass_guitar
afe68f1a.wav,Crackle
b014cdaf.wav,Walk_and_footsteps
b0191349.wav,Finger_snapping
b0241098.wav,Cutlery_and_silverware
b029a39d.wav,Computer_keyboard
b0356d71.wav,Buzz
b063a88a.wav,Gurgling
b06f38d4.wav,Drawer_open_or_close
b072dfa6.wav,"Crowd,Clapping"
b086ad53.wav,Drip
b0a8c445.wav,"Walk_and_footsteps,Run"
b0aa3d8c.wav,Skateboard
b0d31425.wav,Bathtub_(filling_or_washing)
b109f949.wav,Cricket
b144257c.wav,Chewing_and_mastication
b146e8a0.wav,Computer_keyboard
b14b1be2.wav,Meow
b165f67b.wav,Tap
b174e7ae.wav,Glockenspiel
b1854b62.wav,Finger_snapping
b187ef20.wav,"Walk_and_footsteps,Run"
b1a94e05.wav,Race_car_and_auto_racing
b1ab8a12.wav,Bass_drum
b1b8dfe7.wav,Walk_and_footsteps
b1d8010d.wav,Scissors
b1e8d0ab.wav,Chink_and_clink
b1eaee59.wav,Tap
b20652e5.wav,Sigh
b2081745.wav,Trickle_and_dribble
b215bdfb.wav,Harmonica
b2163ea9.wav,Tick-tock
b216a6fa.wav,Walk_and_footsteps
b21775cd.wav,Motorcycle
b2196421.wav,Zipper_(clothing)
b21f302b.wav,"Meow,Purr"
b228eafa.wav,Tick-tock
b22b09c2.wav,"Raindrop,Drip,Trickle_and_dribble"
b242470e.wav,Tap
b245bda7.wav,Traffic_noise_and_roadway_noise
b254264e.wav,Scissors
b25cd2a3.wav,Glockenspiel
b260f8af.wav,Shatter
b2737207.wav,Scissors
b2770c93.wav,Sneeze
b27e47c4.wav,Gong
b2951fa9.wav,Chirp_and_tweet
b29fb0ae.wav,Bathtub_(filling_or_washing)
b2af7c73.wav,"Squeak,Slam"
b2c523dc.wav,Waves_and_surf
b2c90347.wav,Finger_snapping
b2d48b5f.wav,Printer
b2e12b81.wav,Walk_and_footsteps
b2e8ddb6.wav,Mechanical_fan
b2f01c02.wav,"Sink_(filling_or_washing),Water_tap_and_faucet"
b30bc62d.wav,Run
b3180d19.wav,Traffic_noise_and_roadway_noise
b319fb72.wav,Chirp_and_tweet
b3242170.wav,Stream
b32f49a6.wav,Purr
b32f8880.wav,Run
b350996c.wav,Church_bell
b3566265.wav,Cupboard_open_or_close
b38d2a37.wav,Child_speech_and_kid_speaking
b39b169a.wav,"Applause,Crowd,Cheering"
b39d1370.wav,Run
b3b80691.wav,Microwave_oven
b3e084d4.wav,"Applause,Cheering,Clapping"
b3f0e45d.wav,Computer_keyboard
b40bcc35.wav,Male_singing
b42f935b.wav,Burping_and_eructation
b4417523.wav,"Applause,Crowd,Cheering"
b44cf2ae.wav,Marimba_and_xylophone
b465b9ad.wav,Skateboard
b465e909.wav,Bass_drum
b48baf55.wav,Writing
b48c5c1b.wav,Female_singing
b4ad0386.wav,"Applause,Crowd,Cheering"
b4b3de11.wav,Finger_snapping
b4c297fd.wav,Electric_guitar
b4d917d7.wav,"Race_car_and_auto_racing,Accelerating_and_revving_and_vroom"
b4db68b5.wav,"Toilet_flush,Gurgling"
b4e4cc45.wav,Child_speech_and_kid_speaking
b4e4d620.wav,Cutlery_and_silverware
b4edb2c1.wav,Bathtub_(filling_or_washing)
b4f4be4a.wav,Mechanical_fan
b4fb1b80.wav,Drawer_open_or_close
b500c0af.wav,Skateboard
b5040cc2.wav,"Raindrop,Drip"
b508ed71.wav,"Applause,Cheering"
b50e3ef6.wav,Printer
b51d386b.wav,Bass_drum
b51f230d.wav,Run
b523777c.wav,Skateboard
b52d7a5f.wav,Printer
b546aadb.wav,Male_singing
b55376ea.wav,Male_singing
b557cae2.wav,Waves_and_surf
b5691f08.wav,Drawer_open_or_close
b56b8465.wav,Zipper_(clothing)
b574b278.wav,Bus
b59c1e4d.wav,"Screaming,Yell"
b5a3c641.wav,Tick-tock
b5a4ee47.wav,Cutlery_and_silverware
b5be6d4d.wav,Computer_keyboard
b5c677a4.wav,Drawer_open_or_close
b5cfaee6.wav,Gurgling
b5d511f7.wav,Church_bell
b5d64c28.wav,Knock
b5e1d940.wav,Gurgling
b5f77acf.wav,Drawer_open_or_close
b60786b7.wav,Run
b619fcc2.wav,"Raindrop,Drip"
b61cb163.wav,"Female_singing,Male_singing"
b6326e8f.wav,Stream
b63d1ab8.wav,Male_speech_and_man_speaking
b63e83b0.wav,Stream
b65311b2.wav,"Female_speech_and_woman_speaking,Yell"
b6673e58.wav,Male_speech_and_man_speaking
b67ce868.wav,Bass_guitar
b67ea9b9.wav,"Electric_guitar,Bass_guitar"
b68d6db1.wav,Fart
b693e950.wav,Gurgling
b6a8a248.wav,Stream
b6ad0947.wav,Cupboard_open_or_close
b6b1b85d.wav,Computer_keyboard
b6b1dc4c.wav,Bus
b6e4cdc4.wav,Crackle
b6e7a858.wav,"Applause,Crowd,Cheering"
b6ea70bf.wav,Stream
b6f6f988.wav,Female_singing
b7073bad.wav,"Electric_guitar,Bass_guitar"
b71264f5.wav,Waves_and_surf
b72ba386.wav,Chewing_and_mastication
b72de539.wav,Chirp_and_tweet
b7517b1b.wav,Bicycle_bell
b75cfef8.wav,Accelerating_and_revving_and_vroom
b75e8a3c.wav,Meow
b7627bd1.wav,Toilet_flush
b7668dd1.wav,Male_speech_and_man_speaking
b7727d83.wav,"Meow,Purr"
b779f8e2.wav,Fart
b77c041d.wav,Hiss
b78f84a6.wav,Car_passing_by
b7946bcb.wav,"Applause,Crowd,Cheering"
b79da268.wav,"Squeak,Slam"
b7b2c6b6.wav,Traffic_noise_and_roadway_noise
b7b60a26.wav,Gong
b7b63bba.wav,Motorcycle
b7b875b3.wav,Knock
b7d79de9.wav,Electric_guitar
b7e73561.wav,Crackle
b7e78f30.wav,Female_speech_and_woman_speaking
b7fca926.wav,Accordion
b8033e51.wav,Harmonica
b8097d73.wav,Sneeze
b813af02.wav,"Walk_and_footsteps,Waves_and_surf"
b81447ef.wav,Bicycle_bell
b81b0a6a.wav,Female_speech_and_woman_speaking
b82a2785.wav,Bicycle_bell
b831ef0b.wav,Zipper_(clothing)
b837646e.wav,Meow
b83ad210.wav,"Bark,Chirp_and_tweet"
b8402616.wav,Knock
b84927d1.wav,Female_singing
b84a4562.wav,Run
b8530b6a.wav,Skateboard
b854e587.wav,Cutlery_and_silverware
b855f490.wav,Trickle_and_dribble
b85a0012.wav,Printer
b86f9d0f.wav,Chirp_and_tweet
b86fcf32.wav,Hiss
b88c96b0.wav,Toilet_flush
b8b1f957.wav,Clapping
b8ef4cc7.wav,Traffic_noise_and_roadway_noise
b8f479b4.wav,Bass_guitar
b8fa5b30.wav,Race_car_and_auto_racing
b8fb2579.wav,Raindrop
b921f511.wav,Keys_jangling
b94ce640.wav,Microwave_oven
b952f7ff.wav,Frying_(food)
b955bc8e.wav,Scissors
b95a54b4.wav,"Drip,Sink_(filling_or_washing),Water_tap_and_faucet"
b9608747.wav,Run
b9802920.wav,Child_speech_and_kid_speaking
b98157b9.wav,Meow
b993baba.wav,Zipper_(clothing)
b99ed718.wav,Bark
b9af9256.wav,"Acoustic_guitar,Strum"
b9b06530.wav,"Acoustic_guitar,Strum"
b9b51c27.wav,Drawer_open_or_close
b9d9e4cf.wav,Child_speech_and_kid_speaking
b9dbda89.wav,Computer_keyboard
b9f44cc1.wav,Female_singing
ba007dd4.wav,Yell
ba029236.wav,Frying_(food)
ba0c5688.wav,Purr
ba122642.wav,Crackle
ba1961cd.wav,Hi-hat
ba1eb2e9.wav,Microwave_oven
ba48bf05.wav,Scissors
ba5b5d2c.wav,Hiss
ba6334a8.wav,Fart
ba6d80d9.wav,Glockenspiel
ba750661.wav,Burping_and_eructation
ba7aa4b9.wav,Cricket
ba9be42f.wav,"Applause,Crowd"
ba9d65e5.wav,Meow
babceabf.wav,Computer_keyboard
bacae58a.wav,Frying_(food)
bad29b32.wav,Sigh
baf6e775.wav,Mechanical_fan
baf7d8d0.wav,Bass_drum
baf7dafa.wav,"Dishes_and_pots_and_pans,Chink_and_clink"
baf84ec2.wav,Bass_guitar
bafa0edd.wav,Sneeze
bb1b2337.wav,Tick-tock
bb24039e.wav,Accelerating_and_revving_and_vroom
bb3ef772.wav,Bathtub_(filling_or_washing)
bb44c157.wav,Marimba_and_xylophone
bb4ceea2.wav,"Sink_(filling_or_washing),Water_tap_and_faucet"
bb61aa7a.wav,Keys_jangling
bb6d5ad5.wav,Sneeze
bb734e88.wav,Traffic_noise_and_roadway_noise
bb7a77f1.wav,Chirp_and_tweet
bb82c65d.wav,Chirp_and_tweet
bb843b39.wav,Church_bell
bb8b25c8.wav,Bathtub_(filling_or_washing)
bbfaba97.wav,"Acoustic_guitar,Strum"
bc00bedc.wav,Yell
bc036214.wav,Church_bell
bc03876a.wav,Bathtub_(filling_or_washing)
bc11462e.wav,"Acoustic_guitar,Strum"
bc1de35b.wav,Tick-tock
bc25d122.wav,Chink_and_clink
bc2cc53b.wav,"Female_speech_and_woman_speaking,Whispering"
bc30bf79.wav,Drawer_open_or_close
bc3daf53.wav,Finger_snapping
bc3f4382.wav,Cupboard_open_or_close
bc45e7b9.wav,Hiss
bc466ce1.wav,Bathtub_(filling_or_washing)
bc46bb7d.wav,Run
bc5fd19c.wav,Gurgling
bc687b7d.wav,Church_bell
bc744c59.wav,Keys_jangling
bc749857.wav,Screaming
bc756b6c.wav,Crackle
bc7893a0.wav,"Toilet_flush,Water_tap_and_faucet"
bc8a65e7.wav,Male_speech_and_man_speaking
bc957213.wav,Chink_and_clink
bc97459a.wav,Fart
bc9a4979.wav,Bass_drum
bca75daa.wav,Buzz
bcafa3f7.wav,Burping_and_eructation
bcc0b88b.wav,Skateboard
bce2b20c.wav,Walk_and_footsteps
bce6cc8c.wav,Gasp
bd023007.wav,Skateboard
bd053224.wav,Keys_jangling
bd11eb6d.wav,Printer
bd188967.wav,Gong
bd224fda.wav,Microwave_oven
bd25d9eb.wav,Buzz
bd2b75d5.wav,"Applause,Clapping"
bd346bbf.wav,Clapping
bd438a05.wav,Skateboard
bd562a23.wav,Traffic_noise_and_roadway_noise
bd590943.wav,Zipper_(clothing)
bd5acbda.wav,Burping_and_eructation
bda07ed4.wav,Marimba_and_xylophone
bdc010bd.wav,Hi-hat
bdeb1261.wav,Run
bdf30aa0.wav,Stream
bdf596f6.wav,Scissors
bdfd8e5d.wav,Shatter
be16b865.wav,Drawer_open_or_close
be1e2921.wav,Microwave_oven
be1ece3b.wav,Computer_keyboard
be1f4af4.wav,Chewing_and_mastication
be20c7e5.wav,Tap
be3e2862.wav,Skateboard
be88ab03.wav,Knock
be9087e1.wav,Raindrop
be938190.wav,Motorcycle
beb819f0.wav,Scissors
beba9e15.wav,Skateboard
beef428f.wav,Frying_(food)
bf09ea86.wav,Bark
bf16ef80.wav,Toilet_flush
bf175a31.wav,Knock
bf1976f4.wav,Burping_and_eructation
bf1d95a3.wav,Slam
bf26945c.wav,"Cutlery_and_silverware,Dishes_and_pots_and_pans"
bf2c5be4.wav,"Raindrop,Drip"
bf30ec1d.wav,"Acoustic_guitar,Strum"
bf31a25c.wav,Printer
bf3f5f73.wav,Run
bf43d1ed.wav,Electric_guitar
bf45fdb6.wav,Car_passing_by
bf4667b5.wav,"Female_speech_and_woman_speaking,Walk_and_footsteps"
bf4aea44.wav,Burping_and_eructation
bf4f4626.wav,"Applause,Crowd,Cheering"
bf56b466.wav,Walk_and_footsteps
bf5f6f91.wav,"Female_speech_and_woman_speaking,Yell"
bf647bef.wav,Finger_snapping
bf6ab593.wav,Male_singing
bf724cf3.wav,Fart
bf7d8753.wav,"Applause,Crowd,Cheering"
bf80b29a.wav,"Female_speech_and_woman_speaking,Yell"
bf87e86b.wav,Waves_and_surf
bf918397.wav,"Race_car_and_auto_racing,Accelerating_and_revving_and_vroom"
bf94b14e.wav,Waves_and_surf
bfa468d0.wav,Computer_keyboard
bfa6c58b.wav,Male_speech_and_man_speaking
bfa98837.wav,Yell
bfb49218.wav,Stream
bfb5b77c.wav,Computer_keyboard
bfb89528.wav,Gong
bfbda4bc.wav,Computer_keyboard
bfc3a3c7.wav,Drawer_open_or_close
bfca162e.wav,Writing
bfca3c43.wav,Chink_and_clink
bfcf205f.wav,Hiss
bfe4fb2f.wav,Skateboard
c004299e.wav,Gong
c00e3566.wav,Hi-hat
c0295dc8.wav,Female_singing
c02b4176.wav,"Cutlery_and_silverware,Dishes_and_pots_and_pans,Chink_and_clink"
c02c6fe5.wav,Waves_and_surf
c04f8aaf.wav,Hiss
c05b8dc0.wav,"Female_singing,Male_singing"
c0601a97.wav,Crackle
c076dac9.wav,Scissors
c07db711.wav,Walk_and_footsteps
c0808256.wav,Whispering
c099f9c6.wav,Fart
c09eeca9.wav,Skateboard
c0a10489.wav,Sneeze
c0a84462.wav,Clapping
c0b00cfa.wav,Child_speech_and_kid_speaking
c0b10c55.wav,Child_speech_and_kid_speaking
c0b829c7.wav,Waves_and_surf
c0c093b7.wav,Bus
c0dbc401.wav,Whispering
c0dce5bf.wav,Marimba_and_xylophone
c0eef722.wav,Printer
c0f18afb.wav,Bass_drum
c0fa9819.wav,Cupboard_open_or_close
c10a5857.wav,Chirp_and_tweet
c10dd7a0.wav,Screaming
c11b749c.wav,Bass_drum
c12add40.wav,Buzz
c131e17c.wav,Chewing_and_mastication
c1365296.wav,Gasp
c1372649.wav,"Dishes_and_pots_and_pans,Chink_and_clink"
c139afa9.wav,Microwave_oven
c13b0c3c.wav,"Bark,Walk_and_footsteps"
c13b6f07.wav,"Raindrop,Drip"
c15bd274.wav,Male_singing
c166d3a5.wav,Tick-tock
c16d6ddf.wav,Writing
c16fc520.wav,Meow
c176239b.wav,Harmonica
c1820f09.wav,Knock
c197ef4f.wav,Bicycle_bell
c1b84d6f.wav,Gurgling
c1cd6f04.wav,Run
c1d43744.wav,Slam
c1d63c2b.wav,Chewing_and_mastication
c1dbb0bf.wav,Chirp_and_tweet
c1ecfc08.wav,Bass_drum
c1ee413e.wav,Traffic_noise_and_roadway_noise
c1ffa1ef.wav,Screaming
c20cf090.wav,Bass_drum
c20d1733.wav,Zipper_(clothing)
c21a8820.wav,Female_singing
c21c051b.wav,"Applause,Crowd,Cheering"
c21d2a88.wav,Child_speech_and_kid_speaking
c2384b67.wav,"Female_singing,Male_singing"
c23c20b0.wav,Computer_keyboard
c241f52b.wav,"Sink_(filling_or_washing),Water_tap_and_faucet"
c253e73f.wav,Hiss
c26ec82a.wav,"Squeak,Slam"
c27295b8.wav,Slam
c277bd91.wav,Church_bell
c2ab759e.wav,Marimba_and_xylophone
c2aff189.wav,Fill_(with_liquid)
c2b938e4.wav,Cricket
c2c0d425.wav,Burping_and_eructation
c2c8b2a1.wav,Electric_guitar
c2ceac13.wav,Bathtub_(filling_or_washing)
c2ffe5f7.wav,Fart
c30280c4.wav,Bus
c3119162.wav,Bark
c32a6d1d.wav,Male_singing
c3377957.wav,Electric_guitar
c34affca.wav,"Crowd,Cheering"
c36b5403.wav,Fart
c37344f3.wav,Sigh
c374ecd8.wav,Bathtub_(filling_or_washing)
c37b1f7d.wav,Fart
c37d47ac.wav,Run
c38c527c.wav,Fart
c39364c0.wav,Microwave_oven
c39528d3.wav,"Trickle_and_dribble,Sink_(filling_or_washing)"
c3973ff2.wav,Chirp_and_tweet
c39a191a.wav,Chirp_and_tweet
c3aa190a.wav,Accordion
c3b8b282.wav,Tick-tock
c3b90ceb.wav,Printer
c3c10def.wav,Sigh
c3c7d8c5.wav,Waves_and_surf
c3d17081.wav,Stream
c3e445ff.wav,Bus
c3e611a2.wav,"Sink_(filling_or_washing),Gurgling"
c40189a3.wav,Marimba_and_xylophone
c403e307.wav,Mechanical_fan
c41ad29d.wav,"Electric_guitar,Bass_guitar"
c427acf2.wav,Clapping
c44e9e5f.wav,Cupboard_open_or_close
c46bb7f0.wav,Microwave_oven
c46e1418.wav,Zipper_(clothing)
c46f1c2d.wav,Stream
c472ee85.wav,Writing
c476a0c4.wav,Chink_and_clink
c4779426.wav,Walk_and_footsteps
c47c51e5.wav,Cutlery_and_silverware
c4829105.wav,Mechanical_fan
c48ff05c.wav,Fill_(with_liquid)
c4922bdb.wav,Hi-hat
c49f1069.wav,Bass_guitar
c4a655ec.wav,Male_singing
c4b862ac.wav,Stream
c4c01567.wav,Cricket
c4c6b588.wav,Accelerating_and_revving_and_vroom
c4cd3578.wav,Microwave_oven
c4ceb0c0.wav,Scissors
c4edb101.wav,Knock
c4f01b0c.wav,Crackle
c50372d9.wav,Waves_and_surf
c50d2564.wav,"Motorcycle,Accelerating_and_revving_and_vroom"
c51525ca.wav,Bass_drum
c528fccd.wav,Microwave_oven
c5469334.wav,Tick-tock
c548732f.wav,Screaming
c5691d33.wav,Male_speech_and_man_speaking
c56d7f35.wav,"Fill_(with_liquid),Sink_(filling_or_washing)"
c573bbb6.wav,Screaming
c580abd5.wav,Skateboard
c599209a.wav,Bus
c59dcf65.wav,"Squeak,Walk_and_footsteps"
c59ff0ac.wav,Knock
c5b9581d.wav,"Cutlery_and_silverware,Dishes_and_pots_and_pans,Chink_and_clink"
c5bc9568.wav,Cricket
c5d010f1.wav,Burping_and_eructation
c5d2ea6d.wav,"Raindrop,Drip"
c5dd1028.wav,Knock
c5e0eeff.wav,"Acoustic_guitar,Strum"
c5e20bc6.wav,"Squeak,Cupboard_open_or_close"
c5f737a6.wav,"Acoustic_guitar,Strum"
c61682e1.wav,Marimba_and_xylophone
c619103f.wav,Church_bell
c6230083.wav,Female_singing
c647f21e.wav,"Male_speech_and_man_speaking,Female_speech_and_woman_speaking"
c64bee90.wav,Male_speech_and_man_speaking
c64c9c15.wav,Skateboard
c64dc351.wav,Church_bell
c6521b37.wav,Hiss
c660f74a.wav,Printer
c6693f96.wav,Frying_(food)
c6a1d90c.wav,Marimba_and_xylophone
c6cefff0.wav,Bass_drum
c6e561b4.wav,Writing
c6e58708.wav,Bicycle_bell
c6e8fd73.wav,Shatter
c6ec3d5a.wav,"Cutlery_and_silverware,Dishes_and_pots_and_pans"
c6f62acc.wav,Gurgling
c6f8f09e.wav,"Applause,Crowd,Cheering"
c7008e5a.wav,Cricket
c7027c7b.wav,Chewing_and_mastication
c7089ee9.wav,Meow
c7138562.wav,"Applause,Crowd,Cheering"
c7236059.wav,Cupboard_open_or_close
c72cedab.wav,Tap
c741c4ee.wav,Stream
c748781a.wav,Whispering
c78180ce.wav,Marimba_and_xylophone
c7abe28e.wav,Purr
c7ba0ce6.wav,Hi-hat
c7db12aa.wav,Male_speech_and_man_speaking
c7dc099c.wav,Meow
c7f0e995.wav,Harmonica
c7ffdd54.wav,"Cutlery_and_silverware,Drawer_open_or_close"
c805a456.wav,Gurgling
c8184b62.wav,Marimba_and_xylophone
c81df90b.wav,Harmonica
c83daa50.wav,Female_speech_and_woman_speaking
c83fb1db.wav,Hiss
c844da09.wav,Chirp_and_tweet
c85c9e92.wav,Crackle
c880636b.wav,Tap
c8849fbb.wav,Writing
c88f895a.wav,Stream
c8958e49.wav,"Race_car_and_auto_racing,Accelerating_and_revving_and_vroom"
c89ebf5a.wav,Cricket
c8bb2b6f.wav,"Cheering,Clapping"
c8c7b116.wav,Squeak
c8c933bf.wav,Chirp_and_tweet
c8d9bbf1.wav,Slam
c8d9f492.wav,Gasp
c8e2413a.wav,"Frying_(food),Crackle"
c8e45811.wav,Zipper_(clothing)
c8e47622.wav,Computer_keyboard
c8e75c66.wav,Sigh
c902fa40.wav,Frying_(food)
c91fb9ec.wav,"Raindrop,Drip"
c94d2db6.wav,Accordion
c97f9d01.wav,Walk_and_footsteps
c999fe79.wav,Stream
c99a504d.wav,Female_speech_and_woman_speaking
c99f7507.wav,Gong
c9a28158.wav,Stream
c9c71021.wav,Bicycle_bell
c9cb1cda.wav,Drawer_open_or_close
c9da86f2.wav,Waves_and_surf
c9fbd52c.wav,Computer_keyboard
ca00ee02.wav,"Trickle_and_dribble,Sink_(filling_or_washing)"
ca039858.wav,Buzz
ca178ca2.wav,Printer
ca3b6f1f.wav,Tap
ca5299f5.wav,Bicycle_bell
ca5c5f2c.wav,Walk_and_footsteps
ca5eebba.wav,"Squeak,Cupboard_open_or_close"
ca74df21.wav,"Acoustic_guitar,Strum"
ca7765be.wav,Church_bell
ca92f26a.wav,Purr
caa53a4e.wav,Sneeze
cab5c701.wav,Female_singing
cac85f83.wav,Accordion
caca2f49.wav,Burping_and_eructation
cad7b311.wav,Slam
cb0679bf.wav,Gong
cb0a2290.wav,"Female_speech_and_woman_speaking,Yell"
cb14c45c.wav,Cricket
cb1f43db.wav,Keys_jangling
cb2c8e83.wav,Gong
cb359774.wav,Printer
cb385f1e.wav,"Screaming,Crowd"
cb4fe2eb.wav,"Sink_(filling_or_washing),Water_tap_and_faucet"
cb68b55f.wav,Accordion
cb6b8e76.wav,Mechanical_fan
cb73a36b.wav,Child_speech_and_kid_speaking
cb943fba.wav,Male_speech_and_man_speaking
cbc5c550.wav,Hiss
cbc963cb.wav,Whispering
cbd6b836.wav,Gong
cbdde8f1.wav,"Squeak,Slam"
cbe4b772.wav,"Raindrop,Drip"
cbf28a23.wav,Bathtub_(filling_or_washing)
cc1c7be2.wav,Female_speech_and_woman_speaking
cc1e1258.wav,"Walk_and_footsteps,Run"
cc2a5c6e.wav,Cricket
cc3eb26b.wav,Child_speech_and_kid_speaking
cc40bf86.wav,Sneeze
cc4f25e2.wav,"Sink_(filling_or_washing),Gurgling"
cc548b03.wav,"Cutlery_and_silverware,Dishes_and_pots_and_pans"
cc5a8656.wav,Church_bell
cc7b400c.wav,Zipper_(clothing)
cc800b86.wav,Marimba_and_xylophone
cc8555d3.wav,Finger_snapping
cc8e24b1.wav,Cupboard_open_or_close
cc9ff6ed.wav,Cricket
cca9ce34.wav,Microwave_oven
ccb93668.wav,Accordion
ccbd044c.wav,Meow
ccbfd1e6.wav,Glockenspiel
cce07823.wav,"Fill_(with_liquid),Sink_(filling_or_washing),Water_tap_and_faucet,Gurgling"
cce570d7.wav,Tap
ccfd8dff.wav,Fill_(with_liquid)
ccfe89b2.wav,Toilet_flush
ccffbd7b.wav,Waves_and_surf
cd0205e3.wav,Gurgling
cd08d8dc.wav,Clapping
cd1bf192.wav,Cricket
cd2800a1.wav,Bass_guitar
cd2ad3c6.wav,Keys_jangling
cd35d661.wav,Clapping
cd4f6e9d.wav,Car_passing_by
cd573d3a.wav,Hi-hat
cd626652.wav,Drawer_open_or_close
cd7510ea.wav,"Sink_(filling_or_washing),Water_tap_and_faucet"
cd75a6ae.wav,Writing
cde33768.wav,Sigh
cde4daa8.wav,Child_speech_and_kid_speaking
cdfc6cb4.wav,Gurgling
ce1d6001.wav,Skateboard
ce352ac0.wav,Sneeze
ce3a426e.wav,Gurgling
ce3cae38.wav,Bus
ce437968.wav,Bass_guitar
ce6e6234.wav,"Cricket,Buzz"
ce701343.wav,"Sink_(filling_or_washing),Water_tap_and_faucet"
ce864e32.wav,Race_car_and_auto_racing
ce945dd4.wav,Fart
ce975488.wav,"Fill_(with_liquid),Water_tap_and_faucet"
ce9e34d5.wav,Keys_jangling
ce9ea3ab.wav,Glockenspiel
ceacf3bf.wav,Chewing_and_mastication
ceb2f656.wav,Knock
ceb4187c.wav,Bass_drum
cec973bf.wav,Tick-tock
cec982bc.wav,Male_speech_and_man_speaking
cecf74da.wav,Hi-hat
ced2c30e.wav,Waves_and_surf
cee6f3bb.wav,Bark
cee7bf37.wav,"Sink_(filling_or_washing),Water_tap_and_faucet"
cf060638.wav,"Applause,Crowd"
cf08afd3.wav,Gong
cf1a2604.wav,Burping_and_eructation
cf2a43c8.wav,Sigh
cf35696d.wav,"Cutlery_and_silverware,Dishes_and_pots_and_pans"
cf3c79d1.wav,Keys_jangling
cf561a43.wav,Bathtub_(filling_or_washing)
cf7983a7.wav,Church_bell
cf809980.wav,Zipper_(clothing)
cf8df93b.wav,Buzz
cf92b7ea.wav,Stream
cfb44c25.wav,Chink_and_clink
cfce6a28.wav,Run
cff56142.wav,Female_singing
d002efac.wav,"Meow,Purr"
d009d7a0.wav,Zipper_(clothing)
d018a630.wav,Screaming
d0382cd8.wav,Hiss
d05efc4e.wav,Toilet_flush
d07bece7.wav,Male_speech_and_man_speaking
d0a58e70.wav,Female_singing
d0b45137.wav,Hi-hat
d0ba8b8a.wav,Finger_snapping
d0c1793e.wav,Fart
d0cbe63a.wav,Sigh
d1018962.wav,Scissors
d101baad.wav,Meow
d10b299f.wav,Screaming
d1116269.wav,Toilet_flush
d1488e02.wav,Burping_and_eructation
d15f0b6a.wav,"Squeak,Walk_and_footsteps"
d16f5579.wav,Clapping
d18d10e6.wav,Motorcycle
d19cb960.wav,Hiss
d1aedc40.wav,Gurgling
d1af3039.wav,Gong
d1d22544.wav,Male_singing
d1d434c6.wav,Child_speech_and_kid_speaking
d1d84ca9.wav,Keys_jangling
d1e90e60.wav,Toilet_flush
d1ea9f1c.wav,Cricket
d1f89c54.wav,Hiss
d1fb51da.wav,Bicycle_bell
d2093650.wav,"Sink_(filling_or_washing),Water_tap_and_faucet"
d219a296.wav,Traffic_noise_and_roadway_noise
d21bb4a5.wav,Electric_guitar
d21da52b.wav,Mechanical_fan
d24234ea.wav,Walk_and_footsteps
d25787d3.wav,"Applause,Crowd,Cheering"
d276ab10.wav,Bathtub_(filling_or_washing)
d27a0c15.wav,"Knock,Run"
d285f9b0.wav,Bass_guitar
d291f6ac.wav,Car_passing_by
d2a44532.wav,"Electric_guitar,Squeak"
d2ae71ec.wav,Printer
d2bd013f.wav,Church_bell
d2c2dabb.wav,Run
d2d22fe7.wav,Male_singing
d2d30636.wav,Microwave_oven
d2e8b71a.wav,"Acoustic_guitar,Strum"
d2f6b342.wav,Computer_keyboard
d2f7c8f0.wav,Slam
d30161b7.wav,Microwave_oven
d3019ff0.wav,Bus
d3184ca4.wav,Tick-tock
d32a5915.wav,"Drip,Sink_(filling_or_washing),Water_tap_and_faucet"
d349d1c7.wav,"Cutlery_and_silverware,Dishes_and_pots_and_pans"
d368834c.wav,"Acoustic_guitar,Strum"
d3b231f1.wav,Fart
d3b46a24.wav,Female_singing
d3bef3dd.wav,Motorcycle
d3d6a6eb.wav,Glockenspiel
d3fa4df2.wav,Burping_and_eructation
d400eac9.wav,Female_singing
d41f1ae5.wav,Female_speech_and_woman_speaking
d4364d73.wav,"Car_passing_by,Traffic_noise_and_roadway_noise"
d43d857f.wav,Toilet_flush
d44119a6.wav,Cricket
d44ce8fc.wav,Waves_and_surf
d450aa2a.wav,Writing
d45d01b7.wav,Bark
d46fc388.wav,Bathtub_(filling_or_washing)
d47d40bb.wav,"Meow,Purr"
d480f2b6.wav,Male_speech_and_man_speaking
d489a480.wav,Buzz
d490402a.wav,Toilet_flush
d4aaa352.wav,"Race_car_and_auto_racing,Accelerating_and_revving_and_vroom"
d4ab7fa3.wav,Traffic_noise_and_roadway_noise
d4bf370f.wav,Stream
d4ca5479.wav,Male_singing
d4d03e50.wav,Bass_drum
d4ee6fd6.wav,Bus
d4f5b26c.wav,Bus
d50ad2df.wav,Cricket
d5136e87.wav,Shatter
d51aeefd.wav,Sneeze
d51be483.wav,Race_car_and_auto_racing
d53eee7f.wav,Chink_and_clink
d550a094.wav,Crackle
d5532b22.wav,"Dishes_and_pots_and_pans,Cupboard_open_or_close"
d57316bd.wav,Screaming
d5732142.wav,Drawer_open_or_close
d5889aa3.wav,Yell
d58ceeec.wav,Acoustic_guitar
d5905c4d.wav,Tick-tock
d596840e.wav,Bus
d59af808.wav,Bicycle_bell
d59c5163.wav,Female_singing
d59e2ed2.wav,Marimba_and_xylophone
d5a5ab40.wav,"Cheering,Clapping"
d5ac74bc.wav,Traffic_noise_and_roadway_noise
d5b56d39.wav,Church_bell
d5bf141f.wav,"Applause,Crowd"
d5d98444.wav,Tap
d601c5ca.wav,"Squeak,Walk_and_footsteps"
d6020a9d.wav,Bass_drum
d60beb8f.wav,Hiss
d6102986.wav,Microwave_oven
d636c617.wav,"Drip,Sink_(filling_or_washing),Water_tap_and_faucet"
d6384550.wav,Walk_and_footsteps
d6390b6d.wav,Cutlery_and_silverware
d63d3db1.wav,"Meow,Purr"
d644543d.wav,Chirp_and_tweet
d64da0e5.wav,Accordion
d652429c.wav,Child_speech_and_kid_speaking
d6585d4e.wav,"Electric_guitar,Strum"
d6666b67.wav,Tick-tock
d66a4d2f.wav,Harmonica
d66b0a91.wav,"Cutlery_and_silverware,Drawer_open_or_close"
d689158c.wav,Harmonica
d69a1909.wav,Cupboard_open_or_close
d6a089e4.wav,Writing
d6b2b7fd.wav,Gasp
d6b50536.wav,Burping_and_eructation
d6cfde71.wav,Shatter
d6d1aab8.wav,Chink_and_clink
d6d34aad.wav,Shatter
d6d972ff.wav,Stream
d6e46db8.wav,Hi-hat
d6eb1245.wav,Skateboard
d6ecc654.wav,Mechanical_fan
d6fd728f.wav,Knock
d703f15b.wav,Cupboard_open_or_close
d70b25c7.wav,Bus
d70d9daf.wav,Female_speech_and_woman_speaking
d70e1b09.wav,Car_passing_by
d71d3d7a.wav,Crackle
d733ad64.wav,Chink_and_clink
d761c789.wav,"Female_singing,Male_singing"
d7a8dee4.wav,Bass_drum
d7d219a0.wav,Race_car_and_auto_racing
d7d25898.wav,Traffic_noise_and_roadway_noise
d7d4b9ca.wav,Child_speech_and_kid_speaking
d7f11d34.wav,"Female_speech_and_woman_speaking,Whispering"
d7f3ce5d.wav,"Toilet_flush,Gurgling"
d819ee05.wav,Female_singing
d828ffce.wav,"Meow,Hiss"
d8416838.wav,"Screaming,Yell"
d84f3e45.wav,Glockenspiel
d84f7101.wav,"Fill_(with_liquid),Toilet_flush"
d8561dc8.wav,Hi-hat
d868aaac.wav,Waves_and_surf
d8748b1e.wav,"Squeak,Slam"
d8748fd2.wav,Hiss
d8868429.wav,"Crowd,Cheering"
d8994617.wav,Trickle_and_dribble
d89dac44.wav,Computer_keyboard
d8a90a28.wav,"Electric_guitar,Acoustic_guitar"
d8b54599.wav,Accelerating_and_revving_and_vroom
d8bcbd23.wav,Chewing_and_mastication
d8d5c890.wav,Hi-hat
d8e743e5.wav,"Car_passing_by,Accelerating_and_revving_and_vroom"
d8f81345.wav,Female_speech_and_woman_speaking
d9181291.wav,Scissors
d91a05e3.wav,Scissors
d921913c.wav,Chirp_and_tweet
d92496b3.wav,Clapping
d9353059.wav,Bass_drum
d93e8b83.wav,Mechanical_fan
d9647ef6.wav,Toilet_flush
d9833078.wav,Printer
d9a2bbd4.wav,Printer
d9a5261c.wav,"Male_speech_and_man_speaking,Female_speech_and_woman_speaking"
d9c422bc.wav,Child_speech_and_kid_speaking
d9c600a6.wav,Yell
d9d2dfce.wav,Fart
d9d4a4d4.wav,Church_bell
da0895d8.wav,Car_passing_by
da10b0b4.wav,Skateboard
da15e94b.wav,"Squeak,Slam"
da1ab368.wav,Run
da3a5cd5.wav,Chewing_and_mastication
da51f043.wav,Screaming
da5b50a0.wav,Male_speech_and_man_speaking
da6246c8.wav,Chirp_and_tweet
da66b41d.wav,Writing
da704451.wav,Chirp_and_tweet
da7838c2.wav,Meow
da84ebf3.wav,Keys_jangling
da85aba9.wav,Sneeze
da971924.wav,Printer
da983283.wav,Shatter
da992ee3.wav,Bass_guitar
daa6db8f.wav,Burping_and_eructation
dabca820.wav,"Applause,Crowd,Cheering"
dac815d5.wav,Frying_(food)
dacfb76b.wav,Cricket
daef6772.wav,"Bark,Chirp_and_tweet"
dafa7f34.wav,Hiss
db0f6da8.wav,"Trickle_and_dribble,Bathtub_(filling_or_washing),Gurgling"
db127d78.wav,"Acoustic_guitar,Strum"
db1789d4.wav,Harmonica
db18db14.wav,Sigh
db198721.wav,"Applause,Crowd,Cheering"
db1bb1e4.wav,Chirp_and_tweet
db203cb0.wav,Female_speech_and_woman_speaking
db39774c.wav,Bicycle_bell
db3b8df4.wav,Computer_keyboard
db467dc5.wav,Chirp_and_tweet
db4d4d0c.wav,Meow
db70946f.wav,Gong
db7699fa.wav,"Race_car_and_auto_racing,Accelerating_and_revving_and_vroom"
db77e593.wav,Frying_(food)
db7fab9a.wav,Bass_guitar
db8b0932.wav,Bass_guitar
db8c42ff.wav,Male_speech_and_man_speaking
db9fc1bb.wav,"Crowd,Race_car_and_auto_racing,Accelerating_and_revving_and_vroom"
dba11d27.wav,Finger_snapping
dbb0c664.wav,Waves_and_surf
dbb59c2c.wav,Keys_jangling
dbbdea66.wav,Chewing_and_mastication
dbc40a1a.wav,Writing
dbcbe73a.wav,"Dishes_and_pots_and_pans,Chink_and_clink"
dbd399d7.wav,Finger_snapping
dbf203a6.wav,Run
dc0479bc.wav,Trickle_and_dribble
dc094834.wav,"Electric_guitar,Bass_drum"
dc110c4d.wav,Skateboard
dc2037d6.wav,"Raindrop,Drip"
dc379325.wav,Hiss
dc3f4165.wav,Trickle_and_dribble
dc472f35.wav,Run
dc534114.wav,Slam
dc576e0e.wav,Screaming
dc5cca77.wav,Tap
dc66f27e.wav,Fill_(with_liquid)
dc82b605.wav,Motorcycle
dc831706.wav,Meow
dc9421c1.wav,Male_singing
dc9db86a.wav,Writing
dcb91468.wav,Cutlery_and_silverware
dcc01154.wav,Knock
dcc12be7.wav,Child_speech_and_kid_speaking
dcda9483.wav,Chirp_and_tweet
dcddad32.wav,Bass_drum
dd096f59.wav,Crowd
dd182036.wav,Female_speech_and_woman_speaking
dd1ef3b2.wav,Skateboard
dd2be2b5.wav,Bass_drum
dd41d4cd.wav,Traffic_noise_and_roadway_noise
dd498f00.wav,Screaming
dd697b5d.wav,Purr
dd777e50.wav,Whispering
dd7aa68d.wav,Traffic_noise_and_roadway_noise
dd99e62f.wav,Scissors
dd9d8398.wav,Buzz
dd9ee4c8.wav,Glockenspiel
dda16103.wav,Screaming
ddb1aaae.wav,Sigh
ddcfbdf2.wav,Bark
ddd205ee.wav,Burping_and_eructation
dddaad6e.wav,Screaming
dddb8a26.wav,Accordion
de067241.wav,Knock
de14cce1.wav,Zipper_(clothing)
de163b3e.wav,Keys_jangling
de4974c3.wav,Bus
de4de5a3.wav,Skateboard
de4ffeff.wav,Hiss
de6b15bf.wav,Male_singing
de7fa352.wav,Hiss
de8542e1.wav,"Raindrop,Drip"
de8a2b6d.wav,Hiss
de8b71ae.wav,Slam
de8c4045.wav,Fill_(with_liquid)
de9515fe.wav,Cupboard_open_or_close
de996e33.wav,Fill_(with_liquid)
deb78815.wav,Printer
dec491fb.wav,Writing
decc0f7b.wav,"Motorcycle,Traffic_noise_and_roadway_noise"
decded49.wav,Electric_guitar
defa5196.wav,Male_singing
df0bace3.wav,Fart
df2362c8.wav,Bark
df264e6a.wav,Sneeze
df26f661.wav,Drawer_open_or_close
df29094b.wav,Shatter
df3799c1.wav,Screaming
df41fa62.wav,Buzz
df6e272c.wav,Scissors
df86897a.wav,Microwave_oven
df86c865.wav,Mechanical_fan
df902998.wav,"Applause,Crowd,Cheering"
df9a2230.wav,Car_passing_by
dfa9fc33.wav,Gurgling
dfb3df0e.wav,Drawer_open_or_close
dfb875c8.wav,Marimba_and_xylophone
dfc732ad.wav,"Knock,Slam"
dfc73e38.wav,"Chirp_and_tweet,Cricket"
dfd87955.wav,"Raindrop,Drip"
dfe243ac.wav,Zipper_(clothing)
e00a1b33.wav,Frying_(food)
e013b1d3.wav,Bass_drum
e018380b.wav,Bus
e01c21a0.wav,Trickle_and_dribble
e0256973.wav,Race_car_and_auto_racing
e0275acb.wav,Stream
e02a26d0.wav,Female_singing
e0343f10.wav,Bark
e042a81d.wav,Accordion
e046550b.wav,"Screaming,Child_speech_and_kid_speaking"
e04849d8.wav,Tap
e07009c1.wav,Sigh
e072d6b3.wav,Fart
e0735d4d.wav,Screaming
e0823284.wav,Male_singing
e08a6902.wav,"Applause,Cheering,Clapping"
e098753b.wav,Screaming
e09aec8a.wav,Run
e0b706c2.wav,Chewing_and_mastication
e0beb306.wav,Child_speech_and_kid_speaking
e0cc32be.wav,Keys_jangling
e0e1e162.wav,Hi-hat
e0efd5bc.wav,Bass_drum
e0f18614.wav,Whispering
e10f242e.wav,Female_speech_and_woman_speaking
e1367909.wav,Bus
e15c5a89.wav,Scissors
e15f019f.wav,Knock
e1612de7.wav,Purr
e16313f5.wav,Run
e168b4e9.wav,Printer
e189f3b2.wav,Harmonica
e18e88f1.wav,Finger_snapping
e1929538.wav,Computer_keyboard
e19a4b97.wav,Writing
e1a019a0.wav,Sneeze
e1a916cf.wav,Male_speech_and_man_speaking
e1bb9a4d.wav,Run
e1c41fe6.wav,Burping_and_eructation
e1c684a1.wav,Bass_drum
e1dc44f4.wav,Skateboard
e1f67212.wav,Chink_and_clink
e1f73b1a.wav,Computer_keyboard
e1f75797.wav,Gong
e20242b9.wav,"Acoustic_guitar,Strum"
e207f22d.wav,Accordion
e20b02c1.wav,Bark
e2108dc7.wav,Bus
e22873d4.wav,Chirp_and_tweet
e22e7e13.wav,"Burping_and_eructation,Chewing_and_mastication"
e2513966.wav,Bus
e271395a.wav,Finger_snapping
e279761d.wav,"Screaming,Yell"
e28951e3.wav,Buzz
e28c94b3.wav,Female_singing
e292b706.wav,Gurgling
e2936280.wav,Stream
e29969d4.wav,"Dishes_and_pots_and_pans,Chink_and_clink"
e2abda8e.wav,Drawer_open_or_close
e2b65f7f.wav,Harmonica
e2bda35f.wav,Harmonica
e2c31526.wav,Motorcycle
e2c8484e.wav,Mechanical_fan
e308001a.wav,Chewing_and_mastication
e31cbe37.wav,"Sink_(filling_or_washing),Water_tap_and_faucet"
e323c0ac.wav,"Screaming,Yell"
e3269893.wav,Frying_(food)
e32f9b58.wav,Meow
e3321a24.wav,Mechanical_fan
e336e7f0.wav,Gurgling
e339765a.wav,Finger_snapping
e3486c4e.wav,Church_bell
e3489c1e.wav,Tap
e36c0848.wav,Writing
e37e20ed.wav,Sigh
e38b7b01.wav,Child_speech_and_kid_speaking
e3a5b105.wav,Meow
e3c793b7.wav,Run
e3ca796e.wav,Car_passing_by
e3dbb572.wav,Zipper_(clothing)
e3ddf967.wav,Stream
e3e21c70.wav,Chirp_and_tweet
e3e59210.wav,Gasp
e3ec820b.wav,Cutlery_and_silverware
e3fb47bc.wav,Sigh
e4078bdf.wav,Cutlery_and_silverware
e409f09f.wav,Keys_jangling
e41f97b9.wav,Female_singing
e4210ac8.wav,Hi-hat
e42d210d.wav,Female_speech_and_woman_speaking
e440ec93.wav,Bicycle_bell
e444d38c.wav,Hiss
e45fd53a.wav,Hiss
e494d018.wav,Gurgling
e49ad40d.wav,Hiss
e49dbd80.wav,Car_passing_by
e4cb3696.wav,Crackle
e4dfcd9d.wav,Finger_snapping
e4e25c81.wav,Scissors
e4e9f8a2.wav,Trickle_and_dribble
e50f8906.wav,"Race_car_and_auto_racing,Accelerating_and_revving_and_vroom"
e515adb3.wav,Mechanical_fan
e530f65d.wav,"Applause,Crowd"
e5392c3b.wav,"Cutlery_and_silverware,Dishes_and_pots_and_pans"
e54df473.wav,Burping_and_eructation
e56cc0f1.wav,"Raindrop,Drip"
e57034cf.wav,Shatter
e57ad5db.wav,"Applause,Harmonica"
e5805ab2.wav,Finger_snapping
e58c36e2.wav,Burping_and_eructation
e592c496.wav,"Dishes_and_pots_and_pans,Chink_and_clink"
e5bdc08d.wav,Crackle
e5c21d14.wav,Skateboard
e5c271c2.wav,Meow
e5d3e758.wav,"Bathtub_(filling_or_washing),Water_tap_and_faucet"
e5d668e4.wav,Crackle
e5dad5ac.wav,Race_car_and_auto_racing
e5f5f885.wav,Run
e60fd084.wav,"Squeak,Slam"
e638f8a9.wav,Fart
e6432738.wav,Cupboard_open_or_close
e64dc8f3.wav,Female_singing
e652ad24.wav,Glockenspiel
e661384c.wav,Screaming
e66309d9.wav,Bicycle_bell
e66e8a7d.wav,Tap
e68bd08f.wav,"Raindrop,Drip"
e6a20633.wav,"Electric_guitar,Bass_guitar"
e6af55f8.wav,"Sink_(filling_or_washing),Water_tap_and_faucet"
e6b5c733.wav,Cupboard_open_or_close
e6c056c6.wav,Crackle
e6d3dbd8.wav,Bass_guitar
e6deee64.wav,Bicycle_bell
e6dfd952.wav,Frying_(food)
e6ee1d41.wav,Toilet_flush
e6eead5a.wav,Printer
e6f624c7.wav,Drawer_open_or_close
e6f82a4a.wav,"Sneeze,Church_bell"
e6fd1f66.wav,Burping_and_eructation
e7050685.wav,Crackle
e7199e59.wav,Zipper_(clothing)
e71eed27.wav,"Dishes_and_pots_and_pans,Chink_and_clink"
e735c4bb.wav,Chink_and_clink
e7428cde.wav,Female_speech_and_woman_speaking
e7446a82.wav,Trickle_and_dribble
e750d5cc.wav,Church_bell
e757612f.wav,Microwave_oven
e77f5c88.wav,Finger_snapping
e7848dbf.wav,Finger_snapping
e787e930.wav,Fart
e7995482.wav,Bark
e7b8ab2d.wav,Sneeze
e7d72719.wav,Traffic_noise_and_roadway_noise
e7d98d96.wav,Frying_(food)
e7dd49f3.wav,Fart
e7e8d528.wav,Child_speech_and_kid_speaking
e7f48781.wav,Bark
e8094d53.wav,Motorcycle
e812d76e.wav,Harmonica
e81d9407.wav,Run
e823d24a.wav,Squeak
e83b92d2.wav,Cutlery_and_silverware
e8417274.wav,Child_speech_and_kid_speaking
e846ca33.wav,Male_singing
e84a62e9.wav,Bus
e8581680.wav,Bicycle_bell
e87d7697.wav,"Raindrop,Drip"
e88a1dce.wav,Gurgling
e88cdf2f.wav,Stream
e89ab3f4.wav,Fart
e89d67c1.wav,Church_bell
e8acba5b.wav,Writing
e8ad908a.wav,Drawer_open_or_close
e8c3f6fb.wav,Gasp
e8ecf189.wav,Sigh
e8f3d29b.wav,Drawer_open_or_close
e903be1e.wav,Cupboard_open_or_close
e906eef0.wav,Child_speech_and_kid_speaking
e90cc94d.wav,Stream
e914eae7.wav,"Raindrop,Drip"
e925a078.wav,Bass_drum
e928fdd8.wav,Female_singing
e92dc7b4.wav,Car_passing_by
e94623af.wav,"Slam,Microwave_oven"
e949c1d6.wav,Whispering
e9580434.wav,Bass_guitar
e9586170.wav,Finger_snapping
e96e4dc9.wav,"Applause,Crowd"
e970c0de.wav,"Acoustic_guitar,Strum"
e9889c78.wav,Child_speech_and_kid_speaking
e989f9f4.wav,Finger_snapping
e98c835f.wav,"Applause,Crowd"
e9909494.wav,Car_passing_by
e9a4117d.wav,Clapping
e9d92acb.wav,Walk_and_footsteps
e9eb2991.wav,Tick-tock
ea3cea70.wav,Fill_(with_liquid)
ea4206df.wav,Keys_jangling
ea44c20d.wav,Sigh
ea6dcbfb.wav,Purr
ea8588fb.wav,Bathtub_(filling_or_washing)
ea8ce21d.wav,"Shatter,Chink_and_clink"
ea913a8c.wav,"Dishes_and_pots_and_pans,Chink_and_clink"
eaae387a.wav,Male_singing
eac33596.wav,"Applause,Harmonica,Cheering"
eadb4f4d.wav,Hiss
eae2bb65.wav,Raindrop
eae757ae.wav,Writing
eaed5997.wav,Glockenspiel
eaef871f.wav,Gong
eaf22f77.wav,Sigh
eaf3751d.wav,Female_speech_and_woman_speaking
eaf579a5.wav,Meow
eaf60b5b.wav,Child_speech_and_kid_speaking
eb32231a.wav,Knock
eb33068c.wav,Hiss
eb33ec71.wav,Church_bell
eb4e33bd.wav,Knock
eb531b69.wav,Chirp_and_tweet
eb608ef9.wav,Bus
eb66668d.wav,Accelerating_and_revving_and_vroom
eb73d9f6.wav,Harmonica
eb767735.wav,"Crowd,Clapping"
eba3a451.wav,"Acoustic_guitar,Strum"
ebada069.wav,Sigh
ebbaf67a.wav,Motorcycle
ebc4b16e.wav,Hi-hat
ebc86a14.wav,"Motorcycle,Accelerating_and_revving_and_vroom"
ebcd821f.wav,"Sink_(filling_or_washing),Water_tap_and_faucet"
ebd176c1.wav,Trickle_and_dribble
ebdea36d.wav,Mechanical_fan
ebea9c9f.wav,Bicycle_bell
ec065344.wav,Whispering
ec1444e0.wav,Printer
ec447208.wav,Female_singing
ec567c25.wav,Crackle
ec5817c8.wav,Drawer_open_or_close
ec61b025.wav,Accelerating_and_revving_and_vroom
ec631dd3.wav,Cricket
ec642636.wav,Computer_keyboard
ec70c378.wav,Knock
ec748565.wav,"Acoustic_guitar,Strum"
ec7d7266.wav,Finger_snapping
ec8721c7.wav,Waves_and_surf
ec887de7.wav,"Crowd,Gasp"
ec88c693.wav,Cupboard_open_or_close
ec9119b9.wav,Gasp
ec97476e.wav,Fill_(with_liquid)
ecb1852a.wav,Male_singing
ecb577b5.wav,Microwave_oven
ecbbe800.wav,Squeak
ece3f6fb.wav,Glockenspiel
ecee3464.wav,Electric_guitar
ecf14238.wav,Printer
ed00c3a2.wav,Male_singing
ed0157df.wav,Sigh
ed1509d3.wav,Bark
ed15c98f.wav,Motorcycle
ed19cb7d.wav,Scissors
ed240eb9.wav,Electric_guitar
ed2ac449.wav,Glockenspiel
ed2e1a67.wav,Child_speech_and_kid_speaking
ed332bda.wav,Cutlery_and_silverware
ed33c221.wav,"Tap,Dishes_and_pots_and_pans"
ed3ed0e0.wav,"Female_speech_and_woman_speaking,Yell"
ed4abb18.wav,Electric_guitar
ed64f91a.wav,Writing
edabe6a6.wav,Shatter
edac95c5.wav,Frying_(food)
edb3c7c4.wav,Microwave_oven
edb3e017.wav,Burping_and_eructation
edc6e005.wav,Motorcycle
edcbce5c.wav,"Dishes_and_pots_and_pans,Chink_and_clink"
edcc1eab.wav,Trickle_and_dribble
edce32f4.wav,Chirp_and_tweet
edd6936f.wav,Run
eddce22d.wav,Keys_jangling
ede5855d.wav,"Meow,Purr"
ede8d21c.wav,Finger_snapping
edeea125.wav,Bass_drum
edf60e75.wav,Gasp
edf70383.wav,"Meow,Purr"
edfdee04.wav,Stream
ee01a8c0.wav,Church_bell
ee0cddd9.wav,Drawer_open_or_close
ee1b0975.wav,"Raindrop,Drip"
ee1e3293.wav,Keys_jangling
ee24b59c.wav,"Bathtub_(filling_or_washing),Gurgling"
ee354aa9.wav,Glockenspiel
ee61657d.wav,Glockenspiel
ee6559a6.wav,Marimba_and_xylophone
ee6cc37e.wav,"Raindrop,Drip"
ee6e2196.wav,Marimba_and_xylophone
ee7b2895.wav,Waves_and_surf
ee828b30.wav,Glockenspiel
ee8f66b2.wav,"Acoustic_guitar,Strum"
ee96a5f9.wav,Scissors
ee9bf01e.wav,Bicycle_bell
eea78b31.wav,Chewing_and_mastication
eea89bea.wav,Bathtub_(filling_or_washing)
eeac327e.wav,Crackle
eec6c7b1.wav,Gong
eecae0fc.wav,Shatter
eed8492a.wav,Hiss
eeddd7a9.wav,Clapping
eedff032.wav,Finger_snapping
eee4dfaa.wav,Stream
eefada43.wav,Squeak
ef0b7ccf.wav,Chewing_and_mastication
ef15f5ff.wav,Bus
ef26fc5d.wav,Bicycle_bell
ef2dac94.wav,Scissors
ef3c07ab.wav,"Car_passing_by,Accelerating_and_revving_and_vroom"
ef3d1f49.wav,Sneeze
ef529122.wav,Hi-hat
ef71ba8c.wav,"Applause,Crowd,Cheering"
ef7c6af2.wav,Glockenspiel
ef897dd7.wav,Glockenspiel
ef8bf15d.wav,Crackle
ef91d91d.wav,Bass_guitar
efa0ab77.wav,Accordion
efa1db3d.wav,Male_speech_and_man_speaking
efb31d20.wav,Drawer_open_or_close
efbbd62a.wav,Mechanical_fan
efc46a8a.wav,Bark
efc8d6d9.wav,Race_car_and_auto_racing
efcb8eb5.wav,Screaming
efcfca56.wav,Skateboard
efdb4c12.wav,Sneeze
eff12cf3.wav,Clapping
eff80ba8.wav,Hiss
f0228d4a.wav,Stream
f02b4d60.wav,Bass_guitar
f02f76d2.wav,Accelerating_and_revving_and_vroom
f0484b8b.wav,Acoustic_guitar
f080cf19.wav,Glockenspiel
f083dab9.wav,"Squeak,Slam"
f08ce8dc.wav,Child_speech_and_kid_speaking
f0909d0e.wav,Motorcycle
f091b77b.wav,Crackle
f09215d6.wav,Bass_drum
f098f1a2.wav,"Raindrop,Drip"
f0ac3dba.wav,Keys_jangling
f0b26cfb.wav,Tick-tock
f0bb9a88.wav,Burping_and_eructation
f0c27439.wav,Cricket
f0c6be6f.wav,Tick-tock
f0dd3da8.wav,Scissors
f0e1000f.wav,Tap
f0e7f5da.wav,Printer
f0eb4fb9.wav,Bathtub_(filling_or_washing)
f0efc8ca.wav,Car_passing_by
f0f2f9e6.wav,Sneeze
f100ecf5.wav,Keys_jangling
f1015c40.wav,Finger_snapping
f11a87f7.wav,"Screaming,Yell"
f11d9697.wav,Computer_keyboard
f1235611.wav,Chirp_and_tweet
f134afbb.wav,"Acoustic_guitar,Strum"
f1571439.wav,Clapping
f1620a60.wav,Tap
f16f35a2.wav,"Acoustic_guitar,Strum"
f198c4b6.wav,Meow
f199253a.wav,Electric_guitar
f1a7543e.wav,"Car_passing_by,Traffic_noise_and_roadway_noise"
f1a847da.wav,Marimba_and_xylophone
f1aa246f.wav,Female_speech_and_woman_speaking
f1c653ca.wav,Traffic_noise_and_roadway_noise
f1f0ac34.wav,Bus
f206c165.wav,Hi-hat
f2108262.wav,Finger_snapping
f22bc471.wav,Car_passing_by
f237d59d.wav,Harmonica
f239282a.wav,Tap
f23d3db9.wav,"Sink_(filling_or_washing),Water_tap_and_faucet"
f23e4936.wav,Gurgling
f23ed9b2.wav,Chirp_and_tweet
f24e996f.wav,Knock
f2521d64.wav,Male_speech_and_man_speaking
f27344a4.wav,Male_singing
f27f2dad.wav,Yell
f2833124.wav,Skateboard
f28ed531.wav,Crackle
f291b5f4.wav,Finger_snapping
f2935bc9.wav,Cupboard_open_or_close
f2a6aea9.wav,Shatter
f2af7e79.wav,Bark
f2c16096.wav,Hi-hat
f2cd4bc6.wav,"Walk_and_footsteps,Slam"
f2ddb2b8.wav,Hi-hat
f2f0a2b1.wav,Bark
f3155633.wav,Shatter
f329b17f.wav,Gong
f34a6051.wav,Shatter
f35a9056.wav,Frying_(food)
f36ffe7f.wav,Purr
f396ec97.wav,Traffic_noise_and_roadway_noise
f3a9cd99.wav,"Applause,Crowd,Cheering"
f3b63427.wav,Crackle
f3e17584.wav,Tap
f3e6cdee.wav,Tap
f3ebc5c0.wav,Fart
f3f088f4.wav,Harmonica
f3fb4eac.wav,Tap
f417b1e4.wav,Computer_keyboard
f429c7f1.wav,"Squeak,Walk_and_footsteps"
f45d0ca6.wav,"Applause,Crowd,Cheering"
f46cc65b.wav,Drawer_open_or_close
f475bfbc.wav,"Sink_(filling_or_washing),Water_tap_and_faucet"
f479e7f9.wav,Scissors
f48905f2.wav,Stream
f489174a.wav,Bass_guitar
f49950f4.wav,Traffic_noise_and_roadway_noise
f49beb0e.wav,Writing
f49eab9e.wav,Finger_snapping
f4a0c4ef.wav,Hi-hat
f4b048de.wav,Mechanical_fan
f4bcb29c.wav,Sneeze
f4cd0b7e.wav,Accordion
f4d14079.wav,Keys_jangling
f4d2efbb.wav,Harmonica
f4d3bac1.wav,Chink_and_clink
f4d7d91f.wav,"Screaming,Yell"
f4f4458b.wav,Race_car_and_auto_racing
f4f4ba29.wav,Cricket
f520d1e8.wav,Skateboard
f521c601.wav,Bark
f52a8570.wav,Computer_keyboard
f5342540.wav,Bark
f55a6870.wav,Cupboard_open_or_close
f56327c3.wav,Crowd
f5645e49.wav,Bass_guitar
f580fe17.wav,Chewing_and_mastication
f5897312.wav,Glockenspiel
f58bb8b3.wav,Gasp
f5ac9574.wav,Run
f5b2add9.wav,Chewing_and_mastication
f5c7482b.wav,Trickle_and_dribble
f5ce519a.wav,Bass_guitar
f5d11bfe.wav,Shatter
f5dd6ad1.wav,Writing
f5e962db.wav,Skateboard
f5fd9f08.wav,Cutlery_and_silverware
f604a8be.wav,Marimba_and_xylophone
f608d2f3.wav,Female_speech_and_woman_speaking
f60dcbb2.wav,"Raindrop,Drip"
f6282063.wav,"Applause,Cheering"
f64b4c3c.wav,Marimba_and_xylophone
f65784cc.wav,Marimba_and_xylophone
f65903f3.wav,Whispering
f6856477.wav,Waves_and_surf
f686556a.wav,Marimba_and_xylophone
f6991c2d.wav,Electric_guitar
f6aaf5aa.wav,Chewing_and_mastication
f6ad74d5.wav,Tick-tock
f6b049f3.wav,Gong
f6b62de0.wav,Fill_(with_liquid)
f6cb7750.wav,Computer_keyboard
f6d1a5bd.wav,Gong
f6d8a0e5.wav,Chink_and_clink
f7100b5f.wav,Writing
f7178c2a.wav,Writing
f718f971.wav,Church_bell
f71a6456.wav,"Squeak,Accelerating_and_revving_and_vroom"
f72b0436.wav,Buzz
f731d477.wav,Raindrop
f743f4f8.wav,Car_passing_by
f76181c4.wav,Male_speech_and_man_speaking
f7686141.wav,"Acoustic_guitar,Strum"
f76f4fa9.wav,Chirp_and_tweet
f778fbba.wav,"Crowd,Cheering"
f77a898b.wav,Bus
f78378e5.wav,Fart
f79bdce9.wav,Toilet_flush
f7a55e22.wav,Knock
f7b37341.wav,Cupboard_open_or_close
f7cad12d.wav,Clapping
f7d7c7ad.wav,Motorcycle
f80762a2.wav,Writing
f80c92c2.wav,Sneeze
f81de604.wav,Stream
f82399ff.wav,Bus
f828fd95.wav,Chirp_and_tweet
f834cdd3.wav,Chewing_and_mastication
f83be4fc.wav,Shatter
f8542d43.wav,Electric_guitar
f865d675.wav,Traffic_noise_and_roadway_noise
f86d6905.wav,Sigh
f88f7c6d.wav,Printer
f894c033.wav,Purr
f8a34cd7.wav,Fill_(with_liquid)
f8a6f277.wav,Writing
f8b42c62.wav,"Applause,Cheering"
f8b8b0a7.wav,"Dishes_and_pots_and_pans,Chink_and_clink"
f8be0981.wav,"Acoustic_guitar,Strum"
f8bef198.wav,Burping_and_eructation
f8cf77d3.wav,Motorcycle
f8ffc4fc.wav,Skateboard
f902a7b9.wav,Meow
f90a11c0.wav,Tick-tock
f91d90ae.wav,Zipper_(clothing)
f91db8c8.wav,Cutlery_and_silverware
f923a0b3.wav,Slam
f9563b36.wav,Harmonica
f956957d.wav,Drawer_open_or_close
f95969ec.wav,Bus
f9694d27.wav,Bass_guitar
f9706621.wav,Stream
f9839716.wav,Waves_and_surf
f9872019.wav,Sneeze
f988930a.wav,Frying_(food)
f996dcc2.wav,Gong
f9bad4ab.wav,Female_singing
f9bc5f65.wav,Crackle
f9d8542c.wav,"Raindrop,Drip"
f9e77e83.wav,Marimba_and_xylophone
f9e9847e.wav,"Motorcycle,Traffic_noise_and_roadway_noise"
f9e9b428.wav,"Bathtub_(filling_or_washing),Child_speech_and_kid_speaking"
f9ef8633.wav,Slam
f9ff3333.wav,Stream
fa17393b.wav,Printer
fa2d2027.wav,Chirp_and_tweet
fa37b665.wav,Bass_drum
fa4a8c58.wav,Hi-hat
fa4d867e.wav,Bass_guitar
fa4f3c38.wav,Computer_keyboard
fa51ec0c.wav,Bicycle_bell
fa9a3581.wav,Waves_and_surf
faa959cc.wav,Toilet_flush
fad06929.wav,Hi-hat
fad68b23.wav,Bark
fade94a8.wav,Keys_jangling
fae62f56.wav,Zipper_(clothing)
faff07d0.wav,"Cutlery_and_silverware,Dishes_and_pots_and_pans"
fb0b323a.wav,Drawer_open_or_close
fb116595.wav,Cricket
fb2ead12.wav,Crackle
fb4a6a7a.wav,Finger_snapping
fb4a9ec0.wav,Hi-hat
fb59040b.wav,Child_speech_and_kid_speaking
fb61e4d6.wav,Gasp
fb6a1dd4.wav,Chink_and_clink
fb74b3bb.wav,Bus
fb88e4b2.wav,Male_singing
fbb7874e.wav,Writing
fbd23a68.wav,"Raindrop,Drip"
fbd80ebb.wav,Walk_and_footsteps
fbee16fe.wav,Frying_(food)
fbfa7457.wav,Hiss
fbfc3289.wav,Church_bell
fbfdc4f7.wav,Walk_and_footsteps
fc01bdda.wav,Finger_snapping
fc09392b.wav,Gong
fc19f46e.wav,Chink_and_clink
fc24aefe.wav,"Raindrop,Drip"
fc3472cf.wav,Hi-hat
fc370e33.wav,Frying_(food)
fc576fc0.wav,Slam
fc58fb0e.wav,Race_car_and_auto_racing
fc83076a.wav,Traffic_noise_and_roadway_noise
fc8e862c.wav,Scissors
fc963825.wav,Race_car_and_auto_racing
fc97853b.wav,Sigh
fc9f71b9.wav,Finger_snapping
fca475a3.wav,Raindrop
fca908ca.wav,Toilet_flush
fca96a1f.wav,Meow
fcb0ab51.wav,Child_speech_and_kid_speaking
fcb6dc96.wav,Raindrop
fcc315da.wav,Female_speech_and_woman_speaking
fcc7eed3.wav,Male_speech_and_man_speaking
fccc71f1.wav,Zipper_(clothing)
fccc9936.wav,Waves_and_surf
fcd34fbf.wav,Male_singing
fce70845.wav,Gong
fcea21c7.wav,"Tap,Dishes_and_pots_and_pans,Chink_and_clink"
fced23d7.wav,Church_bell
fcf1dfe1.wav,"Screaming,Yell"
fd273d55.wav,Printer
fd2f705d.wav,Child_speech_and_kid_speaking
fd35acde.wav,Finger_snapping
fd621ec3.wav,Crackle
fd6af2dd.wav,Bark
fd7e38f2.wav,Chewing_and_mastication
fd80ffd3.wav,Gong
fd90b63b.wav,Waves_and_surf
fd945c9e.wav,Shatter
fd95e893.wav,Fart
fd97836b.wav,Trickle_and_dribble
fd984843.wav,"Squeak,Slam"
fd9e6e5a.wav,Whispering
fda884eb.wav,Fill_(with_liquid)
fda8d6a6.wav,Motorcycle
fdab06af.wav,Purr
fdabe279.wav,Shatter
fdad108a.wav,Bass_guitar
fdbb5cd6.wav,Squeak
fdc0eb26.wav,Female_speech_and_woman_speaking
fdc70402.wav,Screaming
fddda41d.wav,Race_car_and_auto_racing
fdfa2a24.wav,Crackle
fdfbf113.wav,Gasp
fe3f0617.wav,"Dishes_and_pots_and_pans,Chink_and_clink"
fe483309.wav,Sigh
fe485cb6.wav,Keys_jangling
fe50ee39.wav,Accordion
fe82a153.wav,Traffic_noise_and_roadway_noise
fe8ad86f.wav,Microwave_oven
fe93e661.wav,Mechanical_fan
fead550a.wav,Chink_and_clink
feb8324f.wav,"Meow,Bathtub_(filling_or_washing)"
feca48c8.wav,Electric_guitar
fed5adea.wav,Fill_(with_liquid)
fede840d.wav,Bathtub_(filling_or_washing)
ff121b08.wav,Church_bell
ff1883ed.wav,Chewing_and_mastication
ff28da48.wav,Run
ff2cb6d4.wav,"Applause,Crowd,Cheering"
ff2f0553.wav,Waves_and_surf
ff363c12.wav,Gurgling
ff39c647.wav,"Crowd,Clapping"
ff42bc5b.wav,Chirp_and_tweet
ff5892bf.wav,Whispering
ff58ea59.wav,Gasp
ff73071c.wav,"Race_car_and_auto_racing,Accelerating_and_revving_and_vroom"
ff746f47.wav,Harmonica
ff8712a1.wav,"Sink_(filling_or_washing),Water_tap_and_faucet"
ff8a7e0a.wav,"Screaming,Yell"
ff962f57.wav,Fart
ff9a20a8.wav,Bark
ffa4cfd1.wav,Sigh
ffa689eb.wav,Printer
ffad130c.wav,Whispering
ffc1fa00.wav,"Slam,Bus"
ffd4ed26.wav,Tick-tock
ffdc411e.wav,Slam
ffe2178b.wav,Bus
fffa69b7.wav,Electric_guitar
ffff4631.wav,Meow
